Matrix ModCSR Jagged Ellpack
1138_bus 1193281 671138 1069642
494_bus 8536 9195 67654
662_bus 7988 8999 59485
685_bus 11356 9790 124274
abb313 8393 13481 139046
af23560 18432 10932 601552
arc130 10606 16605 537715
ash219 8774 6616 98190
ash292 8617 7947 92719
ash331 5337 6333 87994
ash608 5618 6850 77385
ash85 7399 7142 86187
ash958 5890 7721 83328
bcspwr01 5143 7600 54999
bcspwr02 6052 8822 80567
bcspwr03 10239 11152 89287
bcspwr04 9592 9164 112989
bcspwr05 8361 8482 45094
bcspwr06 5901 6047 44125
bcspwr07 9040 6197 66507
bcspwr08 6524 6415 52289
bcspwr09 5470 5777 35668
bcspwr10 4768 5589 43248
bcsstk01 6947 10371 103166
bcsstk02 28342 22965 881534
bcsstk04 11869 19885 305524
bcsstk05 9159 8052 158311
bcsstk06 9040 12850 189111
bcsstk07 13315 9922 196690
bcsstk08 7586 8506 263012
bcsstk09 6331 10102 93268
bcsstk10 12343 12798 162742
bcsstk11 8024 8435 154183
bcsstk12 7750 10138 153625
bcsstk13 33444 9904 402302
bcsstk14 10554 13685 264461
bcsstk15 9991 25180 270127
bcsstk16 7367 8351 157555
bcsstk17 8357 9608 165325
bcsstk18 6836 11237 196820
bcsstk19 6296 7676 85270
bcsstk20 5612 6040 45565
bcsstk21 5199 6675 44569
bcsstk22 6751 8887 44355
bcsstk23 7274 8078 83715
bcsstk24 11067 14211 630759
bcsstk25 8453 7967 72012
bcsstk26 8175 8669 107417
bcsstk27 11693 13135 533217
bcsstk28 11576 13632 254598
bcsstk29 12414 13535 280605
bcsstk30 12955 13744 256433
bcsstk31 9767 10782 166643
bcsstk32 10663 12213 215109
bcsstk33 10008 9782 136254
bcsstk34 9555 10560 201914
bcsstk35 11861 12353 200682
bcsstk36 12611 14460 197814
bcsstk37 10136 11137 263733
bcsstk38 12354 13806 284013
bcsstm02 4853 5832 27113
bcsstm05 4732 6325 26952
bcsstm06 5350 5876 26600
bcsstm07 9573 11890 297760
bcsstm08 4935 6291 25664
bcsstm09 5044 6311 24100
bcsstm10 9546 10407 137624
bcsstm11 6732 6521 23814
bcsstm19 4656 7182 29088
bcsstm20 5972 6587 23664
bcsstm21 8507 7366 25389
bcsstm22 4832 5723 23549
bcsstm23 5950 6995 38082
bcsstm24 7908 6896 30900
bcsstm25 5005 6925 33824
bcsstm26 5971 6550 36591
bcsstm27 12420 26480 269302
bcsstm34 19004 16270 204097
bcsstm39 12058 9106 25374
beaflw 23140 12559 83773
beause 11568 11449 82624
bfwa398 12503 12812 98373
bfwa62 12479 11894 140634
bfwa782 11548 12699 99032
bfwb398 12913 10869 62126
bfwb62 8293 7799 62192
bfwb782 9633 10267 238807
big 52065 10521 29369
blckhole 10476 12253 63950
bwm200 8936 11771 43633
bwm2000 8811 13360 51269
can_1054 12000 11117 66114
can_1072 11829 11444 65618
can_144 9626 10011 63654
can_161 10506 10678 79599
can_187 53358 9573 62777
can_229 7740 10301 62117
can_24 6520 5862 47609
can_256 10548 11889 81923
can_268 12097 11825 83802
can_292 10537 11588 85734
can_445 13962 17112 124070
can_61 14479 16364 143830
can_62 11848 13236 62538
can_634 35400 12311 141766
can_715 11245 16949 89043
can_73 8688 13839 58519
can_838 10115 16482 99505
can_96 10238 11951 78551
cavity01 18560 18622 612019
cavity03 19210 18906 281713
cavity05 16741 17872 301520
cavity07 23101 25212 279665
cavity09 16991 19512 281012
cavity10 16632 19083 313420
cavity12 16758 17825 285777
cavity14 17375 20156 283663
cavity16 17054 20580 279514
cavity18 16540 18169 280278
cavity20 16428 17832 282923
cavity22 18660 26486 279491
cavity24 26382 18238 291185
cavity26 18615 21287 346057
cdde1 9780 13180 66977
cdde2 10291 12518 72200
cdde3 9709 11040 62739
cdde4 13354 11614 60631
cdde5 11735 12477 67172
cdde6 37485 11220 62162
circuit_1 9946 11347 35634
circuit_2 8374 10058 28420
circuit_3 37775 12776 84446
circuit_4 9085 10061 27848
ck104 11148 12058 112862
ck400 10861 11581 96221
ck656 10819 11920 95590
coater1 11580 11822 80968
coater2 12944 22530 133642
conf5_0-4x4-10 13159 17539 221159
crystk01 12657 15604 134852
crystk02 9892 11773 97280
crystk03 11247 12250 79451
crystm01 9342 10659 53269
crystm02 9190 10038 44105
crystm03 8677 10290 26645
ct20stif 12886 14221 150871
curtis54 9895 8800 92802
d_ss 8009 7488 46880
dw1024 9936 10840 70095
dw256A 9808 11870 78730
dw256B 9498 12087 79262
dw4096 9852 11430 48008
dwt_1005 10171 10739 78681
dwt_1007 10605 14356 62532
dwt_1242 10346 11084 62245
dwt_162 8876 9511 76455
dwt_193 11656 13506 114860
dwt_198 8518 9079 60699
dwt_209 9159 10175 72388
dwt_221 10193 9965 61459
dwt_234 7497 8361 42655
dwt_245 9611 9765 61196
dwt_2680 14360 11489 84175
dwt_307 10432 10798 62815
dwt_310 12404 11553 79712
dwt_346 11423 11597 80421
dwt_361 9428 10532 77181
dwt_419 10789 10867 68853
dwt_492 9922 10745 62841
dwt_503 10403 11238 78086
dwt_512 11531 13087 91225
dwt_59 9035 8464 43711
dwt_592 9562 11530 61574
dwt_607 10925 10741 61413
dwt_66 8382 9002 42967
dwt_72 7014 8034 41968
dwt_758 10042 11294 45152
dwt_869 10057 12033 78355
dwt_87 9171 36146 60928
dwt_878 9812 13220 61490
dwt_918 12883 12535 63837
dwt_992 11776 12951 80119
epb0 9265 11718 25665
epb1 11524 13077 75666
epb2 12555 14120 67150
epb3 12440 13665 62237
eris1176 21011 23518 409236
ex1 28083 19792 314635
ex10 17310 13386 81462
ex10hs 12909 17094 81065
ex11 19121 20128 276993
ex12 14210 16069 118643
ex13 13298 15293 132141
ex14 14554 14104 99646
ex15 12244 12170 45118
ex18 12768 13195 74512
ex19 13212 13554 97796
ex2 21775 24043 314139
ex20 14726 17498 151165
ex21 16002 18904 187566
ex22 20251 22137 364148
ex23 19633 16479 226636
ex24 19223 20752 326987
ex25 18447 18094 223827
ex26 15697 16131 154220
ex28 14717 15585 150036
ex29 9937 12059 27292
ex3 13228 14719 97449
ex32 12355 12808 63863
ex33 10736 12216 44531
ex35 12809 13626 80174
ex37 10991 11766 28455
ex40 18404 19602 276850
ex5 7709 7242 77162
ex9 13606 14763 115034
fs_183_1 13571 11414 49100
fs_183_3 11276 11717 66927
fs_183_4 11666 10876 66151
fs_183_6 10423 11002 48363
fs_541_1 11631 12695 79613
fs_541_2 11509 14335 79174
fs_541_3 12031 13119 79086
fs_541_4 11840 13009 87108
fs_680_1 12298 12567 61845
fs_680_2 11749 18414 83358
fs_680_3 11340 12927 82537
fs_760_1 15221 12199 45216
fs_760_2 10672 11867 44176
fs_760_3 10977 12595 44693
garon1 13390 14059 96236
garon2 11523 13122 79067
gemat1 12564 12875 76675
gemat11 13064 13157 64333
gemat12 11865 14591 76481
gent113 10774 12452 52459
goodwin 23353 25562 457978
gr_30_30 11289 13127 62174
graham1 21182 22748 387967
gre_1107 13655 12708 76388
gre_115 10144 9410 60799
gre_185 10800 11822 78048
gre_216a 10848 11219 60830
gre_216b 10003 11814 60310
gre_343 11707 12551 62701
gre_512 11818 14729 61793
hor_131 14642 13340 87124
ibm32 8765 9060 51981
illc1033 11620 11471 31619
illc1850 9672 11764 28287
impcol_a 10660 9650 51858
impcol_b 9440 9397 78053
impcol_c 8029 8879 43942
impcol_d 9818 11424 46219
impcol_e 12409 13599 100599
jagmesh1 10876 12045 45233
jagmesh2 18359 20153 1239864
jagmesh3 35903 37694 63198
jagmesh4 6115 9248 59424
jagmesh5 5993 8865 60334
jagmesh6 6271 8889 60050
jagmesh7 6815 9107 61100
jagmesh8 7030 16612 79045
jagmesh9 7164 8589 42658
jgl009 4139 5030 66321
jgl011 3194 5582 78794
jpwh_991 4628 9757 24218
lns_131 9963 10935 62395
lns_3937 6411 9251 73476
lns_511 6178 9275 60234
lnsp3937 5418 8483 24633
lnsp_131 7350 8533 61274
lnsp_511 5802 8695 26417
lop163 10405 11879 94836
lpi_box1 4601 8946 24759
lshp1009 6371 9830 59807
lshp1270 9655 10685 85363
lshp1561 6261 9891 61434
lshp1882 6373 10637 59775
lshp2233 6642 9812 43839
lshp2614 6190 10731 44140
lshp3025 5880 10499 43155
lshp3466 5833 9686 41789
lshp_265 6646 9362 60118
lshp_406 6555 9894 60209
lshp_577 6056 9596 60360
lshp_778 5886 9923 43469
lund_a 8970 12282 133703
lund_b 8973 11990 131220
mahindas 4430 9731 24699
mcca 9075 18152 114524
mcfe 13681 16336 491034
meg1 4890 12905 3552
mhd1280b 8217 10566 81065
mhda416 12270 17029 361575
mhdb416 9381 10038 51851
mplate 10237 11667 112943
msc00726 11420 14036 168802
msc01440 5497 9429 51190
msc04515 7235 12793 79502
msc10848 6025 9894 60459
nasa1824 8044 11278 80638
nasa2910 10132 14501 184528
nasa4704 8049 10892 80162
nnc1374 7227 10630 63079
nnc261 7353 10519 80525
nnc666 7394 10800 86609
nopoly 5034 8916 25587
nos1 5150 9436 41661
nos2 5386 9135 43326
nos3 7279 11025 137735
nos4 6467 8559 59126
nos6 5176 9352 42223
nos7 5503 9172 41187
odepa400 5082 8567 42134
odepb400 4057 7185 22390
olm100 5363 8259 58487
olm1000 7607 10314 65305
olm2000 6131 13036 82655
olm500 8570 14712 78055
olm5000 6159 9951 59863
onetone1 6117 9196 27565
onetone2 5995 9552 26960
orani678 4020 9605 40630
orsirr_1 7867 10725 78128
orsirr_2 6885 10410 86081
orsreg_1 6057 10623 77813
pcrystk02 6937 11061 96023
pcrystk03 7181 11164 77238
pct20stif 8575 13360 147359
pde225 6839 9830 76291
pde2961 5822 9626 59618
pde900 5712 11005 59797
pesa 5020 9595 28225
plat1919 5674 9394 42451
plat362 5871 9785 41822
poli 5597 12940 25930
poli_large 4907 13047 42514
pores_1 5540 8510 92000
pores_2 9585 11417 95655
pores_3 5411 9615 43232
pre2 6323 9181 46643
psmigr_1 19365 24673 511398
psmigr_2 19278 24212 492895
psmigr_3 19124 24424 613545
pwtk 8717 13634 163266
qc2534 18779 26078 545240
qc324 19047 26107 551555
qh882 4776 7867 41320
rbsa480 10794 14957 203223
rbsb480 10733 15033 203508
rdb2048 5991 10078 66213
rdb5000 6060 10335 60267
rdb968 7271 10586 77553
rgg010 4151 5371 89264
rim 17842 23004 458322
rlfprim 3824 12450 3192
rma10 9138 13984 166245
rw136 5438 9734 59169
rw496 5265 9580 42604
rw5151 4752 9096 25791
saylr1 6688 12556 82532
saylr3 5942 9260 46582
saylr4 5603 10927 41711
sherman1 37126 16439 42731
sherman2 11998 16700 223885
sherman3 4375 8820 25461
sherman4 5607 8859 26136
sherman5 4477 8945 23851
sstmodel 4282 8592 24500
steam1 7422 9830 60095
steam2 5302 9153 73867
steam3 9480 11115 69152
thermal 9011 12189 131448
tub100 6120 9800 61330
tub1000 6094 10670 60773
twotone 6812 9138 28109
vibrobox 7505 11020 79915
watt_1 4793 8275 24035
well1033 4985 8634 26304
well1850 4567 8831 26210
will57 8080 10133 78250
wm1 15850 20373 367494
wm2 16231 23154 443460
wm3 736271 667876 427230
young1c 10625 14722 60474
young2c 4935 6452 67185
young3c 4778 6114 60360
young4c 4833 5816 60940
zenios 4038 4525 30276
