Matrix ModCSR Jagged Ellpack
1138_bus 568858 685160 528541
494_bus 8369 9087 50237
662_bus 8007 9224 58207
685_bus 12086 6360 74213
abb313 12095 15581 216101
af23560 10274 11875 205197
arc130 11307 16250 345045
ash219 8230 6575 71224
ash292 7979 8397 93610
ash331 5684 9911 113888
ash608 6028 7305 78167
ash85 7200 7306 83744
ash958 6510 6765 108282
bcspwr01 5066 6175 58550
bcspwr02 6022 5901 57352
bcspwr03 10493 10796 56180
bcspwr04 22610 6916 72003
bcspwr05 5804 7157 46199
bcspwr06 6253 6455 44150
bcspwr07 6401 6255 47102
bcspwr08 5870 9025 56486
bcspwr09 9186 8438 41107
bcspwr10 4394 5943 37224
bcsstk01 6895 6998 103307
bcsstk02 20381 24361 979601
bcsstk04 11650 16038 314393
bcsstk05 7980 8383 159890
bcsstk06 9648 9653 189230
bcsstk07 9020 13725 230057
bcsstk08 7400 10548 197831
bcsstk09 5847 10804 94873
bcsstk10 9119 14505 165210
bcsstk11 8035 8401 154856
bcsstk12 8002 9596 158025
bcsstk13 8716 8941 201055
bcsstk14 11201 11923 274750
bcsstk15 12880 11359 298737
bcsstk16 7414 8870 167634
bcsstk17 8551 9795 165656
bcsstk18 6167 7134 51731
bcsstk19 7263 9155 85401
bcsstk20 5565 7416 49154
bcsstk21 6376 7230 45539
bcsstk22 6275 10217 45220
bcsstk23 7435 8365 84195
bcsstk24 12159 11408 238221
bcsstk25 7666 12617 71613
bcsstk26 8267 8912 120902
bcsstk27 50074 13540 275897
bcsstk28 18198 31174 376729
bcsstk29 12117 13762 266066
bcsstk30 12757 14160 252074
bcsstk31 9546 10568 167742
bcsstk32 10882 12313 238741
bcsstk33 25943 9955 138032
bcsstk34 17895 17667 242843
bcsstk35 15781 17665 195700
bcsstk36 11725 12442 199159
bcsstk37 15674 11108 283438
bcsstk38 21402 23717 258067
bcsstm02 13415 14822 62066
bcsstm05 6792 8468 35235
bcsstm06 4565 5415 23215
bcsstm07 9575 112349 147791
bcsstm08 5991 7167 25560
bcsstm09 7361 6215 29596
bcsstm10 9660 10214 114805
bcsstm11 5782 6568 24140
bcsstm19 5274 5705 23687
bcsstm20 6757 11478 32795
bcsstm21 39050 26800 27043
bcsstm22 4299 6238 25622
bcsstm23 5237 17581 24232
bcsstm24 5680 16287 23542
bcsstm25 11408 23393 29431
bcsstm26 4915 6379 24127
bcsstm27 40954 14926 250989
bcsstm34 15103 14017 257591
bcsstm39 8612 8866 25640
beaflw 11188 17116 156942
beause 12040 10765 140977
bfwa398 10802 18257 124622
bfwa62 11957 11517 136005
bfwa782 11236 13269 99487
bfwb398 10309 15650 62789
bfwb62 8965 8538 62378
bfwb782 10318 10062 62851
big 9788 9982 27709
blckhole 9780 16990 61903
bwm200 9590 11014 43738
bwm2000 9292 10086 50645
can_1054 10250 12102 77444
can_1072 11077 10397 65969
can_144 9778 9547 64445
can_161 7809 8523 76878
can_187 7157 8677 60045
can_229 9091 9555 63843
can_24 6555 6251 47543
can_256 10581 10701 82246
can_268 10783 11915 82168
can_292 9823 9785 61826
can_445 9385 11688 79294
can_61 8971 9718 117805
can_62 7438 7464 42869
can_634 9605 15000 78231
can_715 11292 11255 64165
can_73 7536 9070 44796
can_838 9467 11287 64347
can_96 9197 10027 77834
cavity01 16376 17211 302691
cavity03 15910 18754 284720
cavity05 17637 17798 321815
cavity07 17074 19755 284040
cavity09 59352 17461 344190
cavity10 16563 17914 334765
cavity12 16440 18262 306538
cavity14 17972 17214 282280
cavity16 18590 41897 289538
cavity18 16664 17672 285419
cavity20 16902 17611 286856
cavity22 16658 18132 282324
cavity24 16585 17641 288812
cavity26 16237 18195 288609
cdde1 9339 11107 59369
cdde2 10384 10991 73696
cdde3 9377 10612 61332
cdde4 9758 10740 61925
cdde5 10559 13135 61801
cdde6 9681 14035 61149
circuit_1 9910 9445 26178
circuit_2 20960 8856 25584
circuit_3 9897 11047 81149
circuit_4 8535 9146 27611
ck104 11111 11038 112683
ck400 10052 11679 97236
ck656 10305 11525 95849
coater1 12694 11328 81762
coater2 13005 13294 1280215
conf5_0-4x4-10 13235 17844 275729
crystk01 11775 13695 136545
crystk02 10189 12456 97103
crystk03 26547 11259 123270
crystm01 10140 10590 45853
crystm02 8689 10082 54327
crystm03 8847 9888 26473
ct20stif 12276 13119 149590
curtis54 10740 9904 93930
d_ss 7478 15474 45570
dw1024 9422 11039 62355
dw256A 11249 10936 79671
dw256B 10343 13193 80024
dw4096 10843 12232 44800
dwt_1005 11603 13132 103736
dwt_1007 12626 10935 62415
dwt_1242 9699 11231 62716
dwt_162 9150 10159 76817
dwt_193 14161 16359 116823
dwt_198 8283 8477 60322
dwt_209 8944 10426 67619
dwt_221 9698 10124 61505
dwt_234 7463 8064 43207
dwt_245 9880 10607 62062
dwt_2680 11127 11759 65965
dwt_307 10824 10098 68736
dwt_310 10749 15295 85205
dwt_346 11763 12197 79961
dwt_361 10111 9949 79332
dwt_419 11612 13050 66632
dwt_492 9477 12709 63270
dwt_503 10204 11466 81289
dwt_512 14155 11514 81862
dwt_59 8853 7440 42736
dwt_592 10350 11286 69179
dwt_607 11017 11711 62165
dwt_66 8841 8745 42777
dwt_72 6970 7251 41425
dwt_758 8061 12655 55997
dwt_869 9611 11328 90335
dwt_87 11007 9463 64206
dwt_878 10860 13081 62364
dwt_918 13687 13453 67390
dwt_992 11810 13350 79671
epb0 9609 11786 26101
epb1 12086 12272 75733
epb2 11938 14347 82851
epb3 12460 12883 62875
eris1176 20542 38415 472619
ex1 18354 19856 263407
ex10 19306 13389 80700
ex10hs 13462 14915 82909
ex11 19154 19602 278301
ex12 12577 15555 104728
ex13 22235 16672 132646
ex14 16336 13830 99307
ex15 12135 12489 54985
ex18 15721 12954 64147
ex19 12984 15137 97837
ex2 17682 25384 719799
ex20 15648 47735 193723
ex21 18598 19229 721022
ex22 21118 287790 371765
ex23 15873 17634 207815
ex24 23169 27000 371090
ex25 17408 18360 233497
ex26 15687 17842 173919
ex28 16809 15816 198906
ex29 10060 11121 27707
ex3 13408 13511 211070
ex32 13842 12751 65275
ex33 11438 12789 45629
ex35 12078 12897 79774
ex37 11205 11575 28542
ex40 19023 23696 279399
ex5 10725 9215 78170
ex9 16534 14038 120766
fs_183_1 17360 43424 50981
fs_183_3 13767 81202 105730
fs_183_4 17633 14490 85291
fs_183_6 18728 12169 50160
fs_541_1 17127 14521 81100
fs_541_2 16401 13815 81324
fs_541_3 18254 13974 110349
fs_541_4 17366 14802 104092
fs_680_1 40065 17720 178923
fs_680_2 15653 45914 84900
fs_680_3 14569 18285 63080
fs_760_1 10911 11784 63238
fs_760_2 11889 16284 45155
fs_760_3 14606 12694 46738
garon1 17132 37513 218652
garon2 15893 12945 142805
gemat1 37582 13619 67370
gemat11 11954 44376 965370
gemat12 11588 12794 85955
gent113 10873 10984 52733
goodwin 52420 25735 1009343
gr_30_30 10472 11536 62060
graham1 21407 22243 383525
gre_1107 12990 12492 63825
gre_115 9791 9177 61170
gre_185 10067 11227 78660
gre_216a 10815 10131 71349
gre_216b 9840 11162 60074
gre_343 11068 16389 61341
gre_512 13914 11831 61806
hor_131 12426 12874 80037
ibm32 8378 7126 51499
illc1033 10140 11497 30290
illc1850 10271 16380 29634
impcol_a 8939 8907 42948
impcol_b 9000 8743 78082
impcol_c 8368 8756 43004
impcol_d 9024 10636 45813
impcol_e 12695 13320 102577
jagmesh1 10392 12247 45240
jagmesh2 23945 28286 966819
jagmesh3 35938 36881 64833
jagmesh4 6297 6452 59939
jagmesh5 6241 6732 120879
jagmesh6 6394 6722 62780
jagmesh7 7170 6991 61328
jagmesh8 9723 10760 79707
jagmesh9 7407 8974 57620
jgl009 3983 5676 90031
jgl011 3547 3566 79817
jpwh_991 6392 7026 24740
lns_131 7077 6913 43945
lns_3937 6216 6928 60462
lns_511 6485 7122 60626
lnsp3937 5221 5858 26668
lnsp_131 7639 7067 63559
lnsp_511 33955 22233 80541
lop163 8721 8561 106685
lpi_box1 5028 4943 34995
lshp1009 7016 6375 60879
lshp1270 6438 6616 105553
lshp1561 6361 6759 61416
lshp1882 6969 6775 60225
lshp2233 6309 9008 51755
lshp2614 5771 6930 44082
lshp3025 6672 6125 45960
lshp3466 5698 6737 50793
lshp_265 6837 6526 61567
lshp_406 6383 6510 60550
lshp_577 6546 7055 60810
lshp_778 9185 6877 43850
lund_a 9396 9000 131831
lund_b 8744 9133 132933
mahindas 4569 5538 25285
mcca 9472 9430 117638
mcfe 12940 14477 274718
meg1 4294 9235 4041
mhd1280b 9438 8900 81499
mhda416 12549 13999 264844
mhdb416 7126 6050 44374
mplate 7514 8419 116036
msc00726 15047 11682 181827
msc01440 5906 6500 46312
msc04515 9821 23088 233789
msc10848 14982 25000 60419
nasa1824 8147 7976 89200
nasa2910 10235 12777 184933
nasa4704 7418 9364 81857
nnc1374 8630 7616 69105
nnc261 7686 7323 80589
nnc666 7273 7410 82880
nopoly 5486 5741 28106
nos1 5095 5964 41224
nos2 8310 6220 42897
nos3 12885 8045 97280
nos4 6209 6187 61952
nos6 5556 6187 42458
nos7 5605 6398 43032
odepa400 5244 6181 42140
odepb400 4125 5310 23020
olm100 6265 7030 58767
olm1000 7031 7208 69269
olm2000 6221 6764 67389
olm500 6249 7044 67202
olm5000 6845 6792 77098
onetone1 6095 6422 27390
onetone2 5917 6509 27178
orani678 5016 5053 27274
orsirr_1 7065 7583 99666
orsirr_2 10593 7485 78892
orsreg_1 7429 7119 79114
pcrystk02 8473 7505 96385
pcrystk03 11921 7611 103573
pct20stif 9513 9875 148633
pde225 9195 12306 113266
pde2961 8411 10500 60490
pde900 6701 20180 70213
pesa 4389 5506 27755
plat1919 6200 6081 47653
plat362 5814 6839 51153
poli 4903 5899 27784
poli_large 5416 6148 42873
pores_1 6271 5985 109983
pores_2 7673 7660 99399
pores_3 5497 6481 44218
pre2 6998 6107 27801
psmigr_1 19009 21470 623035
psmigr_2 16837 21665 496371
psmigr_3 18924 21999 510163
pwtk 8576 9853 153214
qc2534 20889 22731 553273
qc324 19573 22414 550007
qh882 4965 5801 42193
rbsa480 11165 11674 204494
rbsb480 16833 11724 258186
rdb2048 6424 6485 60839
rdb5000 18603 6758 59744
rdb968 9314 7507 102141
rgg010 4522 6020 91912
rim 19783 19883 803569
rlfprim 3798 9175 3749
rma10 9510 10457 165845
rw136 5324 6220 59241
rw496 5189 6257 42969
rw5151 5755 6199 25401
saylr1 6459 7282 77917
saylr3 5310 6656 43212
saylr4 5654 6308 49537
sherman1 6083 6828 47512
sherman2 13146 12685 220855
sherman3 4615 5823 29422
sherman4 8492 6347 46145
sherman5 4282 4984 24264
sstmodel 4842 5619 24619
steam1 8439 8855 112039
steam2 5486 6310 47358
steam3 6489 6291 62441
thermal 7994 8990 157821
tub100 6161 6078 65227
tub1000 5990 7211 61797
twotone 6351 6109 33135
vibrobox 8157 8085 81519
watt_1 4121 4995 24875
well1033 5503 5770 35140
well1850 5285 5765 27336
will57 9126 8026 82679
wm1 15681 17756 371784
wm2 16609 20012 403712
wm3 808495 790524 388181
young1c 10925 62248 63004
young2c 5230 5855 63097
young3c 5280 6747 69389
young4c 4946 58254 61042
zenios 5164 4933 28782
