Matrix CSR ModCSR Jagged Ellpack
1138_bus 66940 927156 66434 63439
494_bus 6491 5789 7936 12911
662_bus 5641 5694 7589 8254
685_bus 5461 5592 7555 15138
abb313 5222 5348 12425 37936
af23560 9832 6486 8205 18266
arc130 10949 6527 12490 76364
ash219 4848 4835 6004 12865
ash292 7460 5873 6681 14906
ash331 4908 4586 5943 25891
ash608 5637 4366 6463 15580
ash85 5318 6370 6548 16859
ash958 7861 4773 6743 15946
bcspwr01 6280 11855 7278 12760
bcspwr02 4077 17750 5188 10160
bcspwr03 19905 5347 7955 10745
bcspwr04 7868 5574 7223 17722
bcspwr05 4965 5728 5716 10581
bcspwr06 5249 4251 6086 9370
bcspwr07 5049 4625 5527 10125
bcspwr08 5005 4209 5584 15272
bcspwr09 4555 4357 5397 6325
bcspwr10 4413 3363 15555 5077
bcsstk01 5514 5855 6744 15184
bcsstk02 12781 12415 15368 100175
bcsstk04 10464 9078 9296 38818
bcsstk05 6151 7565 7501 38968
bcsstk06 10437 5995 11140 29292
bcsstk07 6281 8239 7488 31971
bcsstk08 5452 5182 6605 47782
bcsstk09 6622 4224 12782 13963
bcsstk10 35388 6486 8752 21366
bcsstk11 5721 5906 11235 24852
bcsstk12 5638 5384 7190 25213
bcsstk13 6664 5645 7160 27015
bcsstk14 9717 11255 8949 42898
bcsstk15 9823 6657 12053 55035
bcsstk16 8708 5346 6869 22387
bcsstk17 5941 5923 18440 56161
bcsstk18 5064 4290 6798 19941
bcsstk19 6098 5074 7639 11787
bcsstk20 5034 4679 6316 9583
bcsstk21 4730 4340 6140 7662
bcsstk22 7326 5993 8555 9828
bcsstk23 5844 5698 6741 21946
bcsstk24 6747 6704 10317 32052
bcsstk25 6308 6778 7179 27513
bcsstk26 6008 7200 7090 21964
bcsstk27 7901 7296 9896 40142
bcsstk28 8011 7598 9579 37057
bcsstk29 8513 8710 16875 60603
bcsstk30 7892 7971 9779 43967
bcsstk31 11593 8955 7929 32037
bcsstk32 7476 7384 8879 36212
bcsstk33 6463 5613 9186 17078
bcsstk34 7061 6620 8178 88108
bcsstk35 7288 7219 8891 27941
bcsstk36 7291 6995 9020 36141
bcsstk37 7036 6436 8132 28119
bcsstk38 7980 7292 9799 44278
bcsstm02 3134 3787 4870 4678
bcsstm05 3072 2769 3904 3528
bcsstm06 2995 2837 4444 4225
bcsstm07 7582 6447 7595 25770
bcsstm08 5104 16112 5319 32671
bcsstm09 4310 3591 5837 5025
bcsstm10 7009 6108 7934 21810
bcsstm11 8606 4333 5487 5062
bcsstm19 4948 4041 5570 6765
bcsstm20 3278 3599 4780 4278
bcsstm21 5345 3766 5979 5595
bcsstm22 2929 3700 4509 4062
bcsstm23 5317 4288 5583 5545
bcsstm24 5062 4399 5759 5075
bcsstm25 5560 3880 6487 5867
bcsstm26 4741 4428 6030 5689
bcsstm27 12105 7803 34292 43722
bcsstm34 10280 7601 21492 43954
bcsstm39 8222 4183 5430 6464
beaflw 11374 6010 7405 53890
beause 8975 6055 7368 17969
bfwa398 10762 5735 7643 21886
bfwa62 13165 6737 8603 30359
bfwa782 7395 5735 7375 13654
bfwb398 7030 5086 7796 9345
bfwb62 5823 5238 6620 16430
bfwb782 6872 5475 6488 9776
big 7006 5112 6385 13687
blckhole 7202 6679 7077 9569
bwm200 6318 4305 6150 7896
bwm2000 6781 5503 6599 10767
can_1054 7735 5486 6928 23116
can_1072 7228 5546 7700 21751
can_144 5273 4770 6009 21092
can_161 5013 4740 6142 11823
can_187 25280 4752 6350 11866
can_229 7542 47124 7025 12248
can_24 5224 4125 5684 11275
can_256 6491 6354 6996 26291
can_268 7940 5664 7391 22719
can_292 7169 4815 9555 15819
can_445 7829 4558 6899 13019
can_61 5810 5746 6890 34764
can_62 5550 3918 5146 10720
can_634 6776 4734 10269 14104
can_715 7109 4640 8407 12430
can_73 4441 3979 5090 10788
can_838 6712 4726 6634 11960
can_96 4716 4150 6793 10904
cavity01 9607 7632 10242 52625
cavity03 9732 7546 10764 56290
cavity05 10100 7723 11103 75831
cavity07 9219 8729 12264 52800
cavity09 13262 8423 10061 55096
cavity10 10915 7639 10670 52352
cavity12 11395 7943 10182 52249
cavity14 9899 7851 9912 53208
cavity16 9726 8477 11687 81965
cavity18 10794 9608 10215 54843
cavity20 9808 7781 11179 60082
cavity22 15015 7744 10979 52824
cavity24 9311 7855 10552 64708
cavity26 11999 9615 18745 52568
cdde1 6845 4408 6323 9327
cdde2 6080 4434 5959 9157
cdde3 6330 4633 6566 10696
cdde4 6102 4447 6391 9269
cdde5 11198 5639 7735 10328
cdde6 378265 4366 6622 9103
circuit_1 6100 4137 5334 10293
circuit_2 5604 3755 5173 4840
circuit_3 7331 4285 7540 10293
circuit_4 7699 4140 5698 9963
ck104 6652 4818 6461 16748
ck400 6992 4655 7131 11642
ck656 6809 4980 6840 11564
coater1 7950 5734 6570 34093
coater2 8022 6382 8939 25029
conf5_0-4x4-10 9235 6642 10482 35398
crystk01 8015 16949 8760 23807
crystk02 6677 5124 6825 15774
crystk03 6614 5256 6826 11772
crystm01 6472 4331 5825 10404
crystm02 5789 4159 5305 7618
crystm03 6629 3754 5270 7340
ct20stif 7612 5929 8222 19910
curtis54 5481 5876 6184 27408
d_ss 4415 4159 5350 10842
dw1024 6459 4656 6049 8944
dw256A 6856 4534 6136 10500
dw256B 7055 4940 6791 34474
dw4096 6999 5340 5810 7604
dwt_1005 6565 5334 6642 10401
dwt_1007 6027 4808 7855 11375
dwt_1242 6394 5288 6270 11816
dwt_162 4522 4548 5471 9546
dwt_193 7099 5334 9658 22399
dwt_198 5287 4238 5570 9970
dwt_209 5762 4594 6015 13803
dwt_221 10665 4928 5724 12499
dwt_234 5388 3853 6267 9283
dwt_245 8779 5169 5782 14113
dwt_2680 7376 4637 6839 11769
dwt_307 10303 5337 7424 14721
dwt_310 6082 4597 6038 9665
dwt_346 8854 5761 6577 16342
dwt_361 8660 6380 8822 13806
dwt_419 9807 6120 8284 18514
dwt_492 7547 5927 8164 17479
dwt_503 7139 4886 7093 12134
dwt_512 6501 5045 12765 14487
dwt_59 4727 4445 5559 9361
dwt_592 7140 4328 5925 10719
dwt_607 6718 5698 6754 10565
dwt_66 5286 4613 23993 9314
dwt_72 4228 3369 5124 7271
dwt_758 5834 4213 11710 11090
dwt_869 6047 6089 6638 11208
dwt_87 5510 4639 5448 13510
dwt_878 7260 4518 6451 10685
dwt_918 8562 4771 6448 14637
dwt_992 7213 4843 6900 10716
epb0 6325 3495 5114 7373
epb1 7044 5039 6365 14710
epb2 6931 4482 6709 11018
epb3 7075 5164 6316 10835
eris1176 13290 11483 12806 73403
ex1 10370 8192 10327 48209
ex10 9276 5875 10505 17713
ex10hs 7223 6005 6961 18641
ex11 10791 9593 10417 40425
ex12 7989 5824 7192 24568
ex13 8720 6529 8892 20536
ex14 8078 6954 11100 21344
ex15 7460 4758 8998 10230
ex18 7345 4923 6545 12200
ex19 7846 5631 6787 17650
ex2 10535 7962 10101 40907
ex20 8691 6869 8321 26052
ex21 10785 8174 10428 38006
ex22 15416 9094 12221 64487
ex23 10578 7037 8854 31892
ex24 11863 9277 10942 41573
ex25 10055 8420 10607 34017
ex26 10200 6252 8338 34930
ex28 10343 6634 8241 25627
ex29 7172 4781 6080 9475
ex3 8649 5775 7015 33730
ex32 7445 9518 7191 27925
ex33 9019 4598 10177 11971
ex35 11139 4847 6509 12199
ex37 6918 4250 6421 11042
ex40 16022 9484 10160 40664
ex5 3712 3934 4476 14900
ex9 8019 6146 7958 19435
fs_183_1 7087 4950 7010 35448
fs_183_3 7568 5180 5491 28841
fs_183_4 10587 6758 6455 32510
fs_183_6 11654 5224 6079 29781
fs_541_1 8115 5077 6557 12179
fs_541_2 7614 4935 7051 11895
fs_541_3 9460 5101 10850 13819
fs_541_4 9301 4915 7357 19743
fs_680_1 9764 4703 6234 9860
fs_680_2 7087 4624 11370 9835
fs_680_3 6690 4731 5903 9209
fs_760_1 6474 3928 6167 8055
fs_760_2 6478 4725 5897 8458
fs_760_3 11566 4155 5400 7650
garon1 9069 5347 6932 14181
garon2 7583 5565 7146 10883
gemat1 8719 5120 7269 22358
gemat11 23574 5608 10499 22808
gemat12 7450 5311 6492 22606
gent113 5279 4718 5353 12603
goodwin 13446 11747 13161 79990
gr_30_30 6687 4261 5888 10590
graham1 12651 11465 12634 52657
gre_1107 7240 4866 6337 12042
gre_115 4850 3899 5342 12071
gre_185 8484 5233 8741 11848
gre_216a 7193 4716 6793 9459
gre_216b 6825 5199 6373 9026
gre_343 6834 5130 6639 10067
gre_512 8113 5236 6075 9097
hor_131 7936 5533 7125 12012
ibm32 3670 3837 4390 9388
illc1033 6199 3993 5426 13834
illc1850 7026 6547 11090 12343
impcol_a 5250 4804 4615 9503
impcol_b 4303 4609 5330 18468
impcol_c 4277 3619 4742 13205
impcol_d 7138 5049 5503 17270
impcol_e 7334 5275 6638 28214
jagmesh1 7262 4587 6603 9263
jagmesh2 13376 11105 11793 1002073
jagmesh3 18267 11491 7026 16154
jagmesh4 50023 3744 7527 9160
jagmesh5 5783 3850 7604 11611
jagmesh6 5446 4363 7566 9665
jagmesh7 5487 4260 7734 10867
jagmesh8 7655 4626 9867 14672
jagmesh9 5005 5191 6706 10767
jgl009 2950 2755 4438 7976
jgl011 2970 2086 4045 9836
jpwh_991 4184 2901 6596 4114
lns_131 5138 3896 6324 11183
lns_3937 5518 5909 7602 11254
lns_511 5845 4880 7273 9277
lnsp3937 5253 3370 6693 7463
lnsp_131 4794 4213 6571 15461
lnsp_511 7652 4499 7784 13675
lop163 5906 4682 8339 13066
lpi_box1 4927 3478 7926 6502
lshp1009 5944 3804 8456 8294
lshp1270 5461 4361 11196 8260
lshp1561 5535 4005 11637 7624
lshp1882 5121 3898 8485 7799
lshp2233 5483 4053 8445 7701
lshp2614 6315 4338 13516 7668
lshp3025 5015 3653 7741 8550
lshp3466 5609 3780 7525 7824
lshp_265 4838 3976 7438 10190
lshp_406 5404 3875 7687 10466
lshp_577 5496 4060 7611 7471
lshp_778 8130 3665 7676 7939
lund_a 6421 5263 12306 19138
lund_b 6613 5276 9320 18411
mahindas 4457 3070 7175 5159
mcca 6509 5337 9065 21237
mcfe 8290 6840 12740 25845
meg1 4375 3387 8567 2325
mhd1280b 6398 5343 9337 23395
mhda416 8941 7706 18043 51133
mhdb416 8030 4149 7958 14315
mplate 5554 5214 12735 17810
msc00726 7580 5855 9764 28982
msc01440 5101 3547 7807 9120
msc04515 5985 4115 8162 14814
msc10848 5172 3828 7790 10251
nasa1824 6413 4754 8110 23575
nasa2910 7613 6324 10809 25365
nasa4704 5503 4392 8165 23789
nnc1374 26955 4480 8147 15852
nnc261 7232 4814 8875 21006
nnc666 5890 5167 8264 21280
nopoly 5292 3492 9854 8386
nos1 4610 3395 6752 6248
nos2 4939 3570 7441 6813
nos3 7839 4794 8637 15680
nos4 4702 4091 7727 9984
nos6 4890 3407 6829 6385
nos7 7756 3722 10247 6535
odepa400 6846 3905 10439 9110
odepb400 4266 4028 7726 5329
olm100 6529 5159 9945 11139
olm1000 6663 5459 10041 11617
olm2000 7135 7328 8135 12571
olm500 8395 3940 11033 11430
olm5000 4915 4080 7901 7901
onetone1 5033 3945 7450 11796
onetone2 4925 3842 7211 13836
orani678 4726 3291 7407 4403
orsirr_1 5543 4127 8018 9184
orsirr_2 5231 4070 9650 9138
orsreg_1 5633 4557 8462 9035
pcrystk02 5985 4408 8112 16977
pcrystk03 5255 3996 8378 10364
pct20stif 7301 5515 9504 18529
pde225 5503 4418 9223 10393
pde2961 5554 4069 7441 9192
pde900 4896 3861 8245 7908
pesa 4731 2995 6720 4031
plat1919 5215 4212 7594 6734
plat362 5163 3599 8321 7245
poli 4950 3271 7354 11856
poli_large 5490 3327 7674 27847
pores_1 4218 3639 6080 11854
pores_2 5847 4409 52725 14685
pores_3 5229 4047 7865 7659
pre2 5186 3641 7199 13053
psmigr_1 19098 12534 16305 84392
psmigr_2 11061 10382 15544 82160
psmigr_3 11450 10570 15663 84440
pwtk 9563 4965 9991 18998
qc2534 20090 12605 18135 83227
qc324 12099 10995 17033 83781
qh882 4450 3530 7048 6164
rbsa480 7976 6569 14762 44320
rbsb480 7890 6536 10647 35267
rdb2048 5047 4196 8451 8357
rdb5000 11150 4426 7645 12805
rdb968 5210 3815 8414 8961
rgg010 3680 3910 6261 11930
rim 13167 10021 14723 69963
rlfprim 4156 3166 6617 2475
rma10 6416 5398 9463 19585
rw136 4384 3743 6808 7157
rw496 4751 3838 7315 6640
rw5151 4581 3211 7490 4964
saylr1 5678 4327 8781 9219
saylr3 5316 3792 8135 6302
saylr4 5253 3871 7629 6710
sherman1 5113 3856 7646 6318
sherman2 8870 6589 12491 27920
sherman3 4866 14730 7357 6402
sherman4 4958 3628 7079 7365
sherman5 4189 4131 7562 3810
sstmodel 4643 3353 7240 5356
steam1 5154 3825 7260 6478
steam2 5258 3595 7340 6600
steam3 5099 3996 7801 11398
thermal 7020 5622 8978 14516
tub100 4777 5575 7750 8675
tub1000 5078 3940 7786 8063
twotone 4998 3785 8927 14418
vibrobox 5910 5467 8387 22005
watt_1 4198 2897 6606 3815
well1033 4665 3380 7185 11737
well1850 4400 3614 38408 10074
will57 5229 5340 8081 18314
wm1 9811 8964 27467 55025
wm2 10219 9437 14198 54738
wm3 666756 592639 1228255 56739
young1c 8819 5061 30053 9204
young2c 5224 3859 5228 9057
young3c 4369 3965 5518 9786
young4c 5131 4062 5641 9511
zenios 4053 3802 4630 15773
