Matrix CSR ModCSR Jagged Ellpack
1138_bus 66344 1102936 77658 45765
494_bus 6241 5677 7557 8823
662_bus 6068 5043 6921 8908
685_bus 7739 6419 5900 10082
abb313 6954 6190 9341 38736
af23560 9189 6888 8856 17892
arc130 9830 6763 11680 76137
ash219 25571 6149 5444 12634
ash292 10377 5300 6503 13963
ash331 6871 5201 8091 25743
ash608 4724 5219 5755 15816
ash85 7895 5213 6156 11268
ash958 5013 4785 5713 21377
bcspwr01 4682 4228 4696 8901
bcspwr02 4582 15930 4877 10204
bcspwr03 44844 5993 7402 7234
bcspwr04 6000 5115 5768 12799
bcspwr05 5686 4292 5976 10637
bcspwr06 5337 4199 5586 8550
bcspwr07 4917 4430 5544 10826
bcspwr08 5089 4263 5714 12157
bcspwr09 4619 5584 5724 14066
bcspwr10 3885 3507 5149 4814
bcsstk01 4600 4840 5885 14703
bcsstk02 12841 12154 15503 86044
bcsstk04 8000 7355 9497 38636
bcsstk05 6013 5430 6879 27615
bcsstk06 6444 6481 7239 25050
bcsstk07 6384 6090 10296 45127
bcsstk08 5534 5034 7760 55942
bcsstk09 5057 4370 8759 14572
bcsstk10 25550 6159 7929 21915
bcsstk11 5744 5198 6863 24934
bcsstk12 5610 5494 7019 25410
bcsstk13 6104 6036 7391 27595
bcsstk14 7640 7066 9053 37313
bcsstk15 6972 7498 8642 44679
bcsstk16 6075 5283 7643 21837
bcsstk17 6188 5988 7716 55874
bcsstk18 5503 4769 6151 18271
bcsstk19 5160 5999 7907 11685
bcsstk20 4860 4323 6227 9039
bcsstk21 5640 4747 6254 8520
bcsstk22 5419 4265 7920 8667
bcsstk23 9232 5590 6844 14707
bcsstk24 6637 9539 8884 34695
bcsstk25 6182 5360 9516 28585
bcsstk26 5906 5720 7189 36439
bcsstk27 12244 12089 10287 38674
bcsstk28 8741 11400 10417 55452
bcsstk29 8550 7722 10349 60465
bcsstk30 13205 7763 9871 44453
bcsstk31 7018 6205 7738 32280
bcsstk32 7174 7212 8868 46119
bcsstk33 5903 16082 7561 17336
bcsstk34 18788 11640 16845 62459
bcsstk35 7167 10160 13355 28302
bcsstk36 14204 7380 8911 35947
bcsstk37 7238 9145 8124 28787
bcsstk38 11226 13522 16240 44000
bcsstm02 5577 9620 12738 14635
bcsstm05 3669 4669 6634 6878
bcsstm06 4070 3599 4599 4289
bcsstm07 30654 6221 32693 25773
bcsstm08 4998 5261 5225 5411
bcsstm09 4746 4749 5209 6262
bcsstm10 6740 6310 7585 21400
bcsstm11 7330 3747 5343 4828
bcsstm19 4028 3954 4791 4988
bcsstm20 8497 4591 7732 7579
bcsstm21 4643 17400 16561 5517
bcsstm22 9195 3473 4782 4719
bcsstm23 4760 3534 14491 4877
bcsstm24 5096 3915 10580 5111
bcsstm25 8207 12811 18277 5774
bcsstm26 4490 3850 4919 5450
bcsstm27 11757 24244 9686 37647
bcsstm34 8961 7860 8744 55321
bcsstm39 6212 3867 5200 5216
beaflw 31370 6114 10142 37198
beause 8192 6573 6347 30110
bfwa398 15659 5683 10108 18434
bfwa62 11034 6489 7433 27198
bfwa782 10790 5870 7343 14176
bfwb398 6777 5027 9063 9990
bfwb62 4780 5218 6084 17218
bfwb782 7142 5057 6617 9730
big 7053 4902 5963 13078
blckhole 6650 4455 9080 9733
bwm200 5987 4635 6790 8139
bwm2000 6912 4494 5788 9557
can_1054 11241 5458 7370 26609
can_1072 7332 5232 6541 21266
can_144 5488 5405 6315 21437
can_161 5519 4678 6152 11200
can_187 39277 4346 5641 11634
can_229 10918 36793 5657 42463
can_24 3320 3381 4207 10765
can_256 6284 4945 6476 23883
can_268 6264 5042 6713 22180
can_292 6375 4754 5953 14432
can_445 6060 4322 6565 11928
can_61 5080 13538 6254 48032
can_62 4330 3896 4913 10459
can_634 5973 4657 8040 62393
can_715 21678 4926 6336 12247
can_73 5136 4119 5490 10850
can_838 6038 4179 5870 11075
can_96 5610 4397 5930 11076
cavity01 9541 7578 10091 85766
cavity03 10509 7710 11683 205751
cavity05 10146 8488 10358 59161
cavity07 9540 7570 10837 53406
cavity09 10200 12169 9879 63221
cavity10 9682 8218 9933 62620
cavity12 8969 7662 13222 53537
cavity14 10353 8489 9658 52382
cavity16 11103 8437 18799 175666
cavity18 10528 7738 10622 53151
cavity20 9360 9195 10316 52794
cavity22 10410 7753 10483 53135
cavity24 10123 7600 10212 53523
cavity26 9346 8040 10015 53932
cdde1 5915 4524 5759 8877
cdde2 6120 5122 5988 9041
cdde3 5812 4526 6071 8828
cdde4 6394 4390 6259 9042
cdde5 7147 5125 8372 9859
cdde6 5915 4075 6655 9067
circuit_1 6637 4222 5171 7500
circuit_2 7342 5338 5635 4881
circuit_3 7140 4511 5973 10554
circuit_4 7770 3463 5192 10053
ck104 5862 4836 6647 16870
ck400 6565 4565 6877 11448
ck656 6743 4698 6731 11659
coater1 7302 6220 6750 19894
coater2 8553 6577 7418 30872
conf5_0-4x4-10 12314 6797 10443 38367
crystk01 7475 5982 7831 24648
crystk02 6327 4476 7183 15316
crystk03 6013 9842 6603 14344
crystm01 5984 4336 6326 10785
crystm02 5942 3727 5215 8913
crystm03 5720 3895 5091 6057
ct20stif 11138 6093 7653 19665
curtis54 4771 4884 6699 23399
d_ss 5656 4081 7340 11213
dw1024 5647 4215 6090 8875
dw256A 6307 4936 6219 10205
dw256B 6467 4557 7330 10311
dw4096 7950 4983 7642 7453
dwt_1005 6169 5213 7832 12575
dwt_1007 6950 4780 6484 10981
dwt_1242 10392 4588 6017 11263
dwt_162 4386 4416 6179 9835
dwt_193 7787 7429 9510 22420
dwt_198 4689 4233 5626 9578
dwt_209 5614 4302 6022 14757
dwt_221 10557 4353 5870 12419
dwt_234 4918 4028 5026 9669
dwt_245 5726 4504 6294 13631
dwt_2680 7370 5703 6788 13234
dwt_307 6878 4925 6498 14050
dwt_310 8794 5471 7846 11488
dwt_346 6684 5516 6813 15691
dwt_361 5218 14279 5914 10700
dwt_419 7174 5138 7349 13638
dwt_492 6634 4586 26153 13033
dwt_503 6690 4816 6566 10780
dwt_512 6760 21514 6350 15735
dwt_59 4528 4306 4949 9225
dwt_592 5979 4164 6097 11416
dwt_607 6515 5264 6254 10429
dwt_66 6725 4071 8167 8599
dwt_72 3824 3399 4435 6260
dwt_758 5835 3909 6247 12964
dwt_869 7415 4453 6377 10951
dwt_87 5302 4460 5874 15352
dwt_878 5881 4564 6514 10811
dwt_918 8286 5443 6223 16341
dwt_992 7084 4513 6689 11188
epb0 7274 3839 5807 5455
epb1 6681 4630 6243 13117
epb2 6813 4779 7245 12718
epb3 7385 5058 6504 10656
eris1176 13200 9640 21462 81201
ex1 10416 7861 10058 47561
ex10 8700 7033 6483 17701
ex10hs 8694 5549 7439 17830
ex11 10466 8278 10151 36334
ex12 9722 5542 7940 24792
ex13 8618 6665 8620 20426
ex14 8088 5370 6979 20054
ex15 10020 4949 6356 12405
ex18 7354 5578 6143 12382
ex19 11593 5187 7412 17250
ex2 10229 8358 12906 84273
ex20 8722 6978 19982 34065
ex21 9783 7974 10050 69133
ex22 13935 9781 96379 63761
ex23 10002 6938 10499 34262
ex24 11720 9759 12134 43662
ex25 9994 7097 9091 33091
ex26 8826 6748 9700 39195
ex28 7316 7301 8150 35617
ex29 6257 4172 5563 7844
ex3 7746 5340 6879 19787
ex32 7272 5453 6387 16169
ex33 7201 4435 6417 10785
ex35 7252 4802 6548 11946
ex37 6709 4240 5900 10690
ex40 11993 8183 12306 42299
ex5 4228 4449 5364 15592
ex9 7609 7223 7180 19387
fs_183_1 10571 6938 19239 29806
fs_183_3 10018 5983 9536 43201
fs_183_4 8969 7090 7221 38661
fs_183_6 9499 6745 5849 29239
fs_541_1 6972 6981 7767 11790
fs_541_2 7717 6230 6987 12100
fs_541_3 19886 7357 7092 21445
fs_541_4 19896 6712 6623 16513
fs_680_1 8603 14268 8255 9444
fs_680_2 6595 6515 29660 14068
fs_680_3 6761 6025 8233 9721
fs_760_1 6427 4139 5683 11980
fs_760_2 8771 4545 8391 128513
fs_760_3 9211 5743 6094 9298
garon1 10452 6830 17025 26872
garon2 8127 6364 6547 20664
gemat1 33963 13361 6691 21474
gemat11 7854 5339 16380 54539
gemat12 7608 5114 6677 27190
gent113 6268 4755 6072 14991
goodwin 15033 16481 13877 90144
gr_30_30 6482 4289 5770 10485
graham1 13223 9316 13336 52579
gre_1107 7198 5267 6395 11658
gre_115 4459 4164 5282 12226
gre_185 6897 4690 5832 11087
gre_216a 4823 4976 5705 10380
gre_216b 5193 4369 5647 8311
gre_343 6832 5134 7328 9053
gre_512 6605 5680 5878 9354
hor_131 9891 5356 6743 12025
ibm32 4346 4125 4130 9949
illc1033 10066 4185 5744 13457
illc1850 6524 5345 7274 12685
impcol_a 4318 4510 4767 9400
impcol_b 4102 4442 5528 18082
impcol_c 4079 3870 4789 13325
impcol_d 5418 4172 5443 16827
impcol_e 6750 5629 6790 29134
jagmesh1 11987 4418 6054 9281
jagmesh2 9395 7613 10831 946148
jagmesh3 18685 6816 7099 15615
jagmesh4 7043 6084 7502 9313
jagmesh5 5470 5712 7813 8701
jagmesh6 5307 6184 7804 10138
jagmesh7 5289 6367 7842 10887
jagmesh8 9374 7527 10612 14222
jagmesh9 4646 7505 9004 10984
jgl009 3099 3731 6063 11167
jgl011 3405 3805 4928 9975
jpwh_991 5749 5820 8735 3922
lns_131 4825 5338 6929 11795
lns_3937 5098 6053 7517 9325
lns_511 5145 5757 7605 9590
lnsp3937 4560 5885 7669 6445
lnsp_131 5370 6469 7277 16492
lnsp_511 18710 8700 9703 11776
lop163 5688 8420 10151 14025
lpi_box1 3340 5440 6862 6110
lshp1009 5068 8907 8663 8066
lshp1270 5077 6945 9855 13432
lshp1561 5664 7036 9623 8166
lshp1882 6852 7746 9108 8036
lshp2233 4918 7255 11868 9590
lshp2614 5760 7049 9391 8084
lshp3025 5127 7446 8340 9371
lshp3466 5051 7728 9907 9203
lshp_265 4642 5978 8076 10359
lshp_406 5033 6492 8032 10609
lshp_577 5419 7066 9353 7715
lshp_778 4952 9335 8731 7766
lund_a 6187 8695 9123 18377
lund_b 5956 8119 9297 18836
mahindas 4814 6057 8383 5436
mcca 6078 10754 11534 22207
mcfe 8394 10277 14399 25717
meg1 4121 6256 8150 2449
mhd1280b 8690 9293 12740 21092
mhda416 8743 10682 13751 51874
mhdb416 5587 7130 8279 12029
mplate 6055 7573 9690 15933
msc00726 7889 13536 11403 31232
msc01440 4908 7353 9154 10085
msc04515 7160 10413 38740 29282
msc10848 5904 19748 35519 10621
nasa1824 6804 8069 9952 22147
nasa2910 7169 9110 12909 25326
nasa4704 8486 8015 15225 20022
nnc1374 5577 9215 9492 17474
nnc261 5562 7802 9084 21308
nnc666 5733 7584 10069 21636
nopoly 4791 12516 8475 8451
nos1 3769 6041 7083 6162
nos2 4743 6924 8372 6413
nos3 5738 13454 10699 16568
nos4 4490 5850 7593 12521
nos6 4788 6452 8678 6325
nos7 6892 6967 9566 6894
odepa400 4035 6313 7334 6467
odepb400 3474 4928 6480 3340
olm100 4712 6072 8223 7327
olm1000 5157 8167 8849 8608
olm2000 5108 7441 9709 9731
olm500 4786 6759 9520 8368
olm5000 5178 7611 9513 11038
onetone1 4857 7135 8729 11876
onetone2 5207 6847 8584 11666
orani678 4332 7416 7838 4367
orsirr_1 5608 8443 9341 10167
orsirr_2 6296 10220 9353 9545
orsreg_1 6378 8194 9051 9225
pcrystk02 5779 8607 9591 14698
pcrystk03 5464 13465 9643 16638
pct20stif 6228 9853 11150 18725
pde225 8443 9299 14056 13516
pde2961 6446 9118 12828 7796
pde900 5234 8135 28691 8882
pesa 4430 6635 8209 4001
plat1919 5081 7610 9428 6892
plat362 5000 6748 8941 7715
poli 4712 6672 8734 12524
poli_large 5271 7181 8699 6898
pores_1 4616 6866 6933 14517
pores_2 5632 8054 10036 13659
pores_3 5060 6650 9204 8181
pre2 5161 7146 8263 12999
psmigr_1 11452 14038 17589 100381
psmigr_2 18240 14004 17302 81891
psmigr_3 11596 13949 17583 83468
pwtk 6344 8607 10909 18817
qc2534 11679 15759 17785 84154
qc324 12035 14198 17612 83421
qh882 4396 6160 7014 5189
rbsa480 8110 10500 12105 31259
rbsb480 7358 14999 11576 31916
rdb2048 5527 7058 8730 7795
rdb5000 6073 156268 8904 7853
rdb968 5770 10858 9826 13652
rgg010 4467 5763 8295 10064
rim 10688 14443 15995 96357
rlfprim 3962 6342 7536 2318
rma10 6813 8918 11921 19708
rw136 4154 5903 7912 7121
rw496 4655 6506 7800 6541
rw5151 4823 7536 8474 5449
saylr1 4754 6530 8653 9219
saylr3 4756 6468 9200 6907
saylr4 4906 6757 8736 7697
sherman1 4836 7450 8665 7633
sherman2 7699 10391 12358 29421
sherman3 4560 6635 8676 7350
sherman4 5412 8500 10305 11670
sherman5 4703 6077 7993 4066
sstmodel 38956 6942 8717 5201
steam1 7293 9570 11334 11106
steam2 5224 6915 9265 7196
steam3 4551 6877 8109 11821
thermal 6249 8198 10159 17256
tub100 3936 5863 6567 8168
tub1000 5127 6548 10313 7905
twotone 5201 7496 8505 17132
vibrobox 5805 7665 9738 18580
watt_1 4340 5913 8239 3806
well1033 4724 8666 8715 11903
well1850 4780 6905 8267 11719
will57 4911 8790 9285 18150
wm1 9860 11875 15142 55606
wm2 11727 13112 16168 55450
wm3 807945 1004968 1108622 55425
young1c 8119 29226 32508 9406
young2c 5165 3776 5267 9377
young3c 4550 3827 6308 10283
young4c 6690 3668 5803 9034
zenios 4430 3792 4943 15172
