Matrix rc_dimension lower_bandwidth upper_bandwidth max_bandwidth average_bandwidth max_column_length min_column_length max_row_length min_row_length zero_column_number zero_row_number diag_domi_column_percentage diag_domi_row_percentage Frobenius_norm sym_part_Frobenius_norm nonsym_part_Frobenius_norm matching_elements_number relative_sym_match average_dist_of_a standard_deviation nonzero_number_in_skyline nonzero_number_of_lower_part nonzero_number_of_upper_part nonzero_number_of_maindiag
1138_bus 60.0 32.0 0.0 33.0 5.233333333333333 4.0 1.0 30.0 -31.0 0.0 16.0 1.0 1.0 32571.882166834774 31509.41643900811 8251.31405070336 60.0 0.5555555820465088 3.3518518518518516 7.5354898766938705 314.0 0.0 48.0 60.0
494_bus 60.0 49.0 0.0 50.0 4.3 4.0 1.0 49.0 -48.0 0.0 15.0 1.0 0.9833333333333333 3522.6347751913404 3508.5568051557198 314.6186650261489 60.0 0.6976743936538696 2.36046511627907 8.421888412632269 258.0 0.0 26.0 60.0
662_bus 60.0 41.0 0.0 42.0 4.95 2.0 1.0 41.0 -40.0 0.0 12.0 1.0 1.0 1445.628007170866 1445.2929628929237 31.122122822894646 60.0 0.8333333134651184 3.2916666666666665 9.171873521199956 297.0 0.0 12.0 60.0
685_bus 60.0 41.0 0.0 42.0 6.583333333333333 5.0 1.0 36.0 -40.0 0.0 20.0 0.9166666666666666 1.0 26625.62127628853 26580.86971249665 1543.0728030869752 60.0 0.47999998927116394 3.76 7.650777738243349 395.0 0.0 65.0 60.0
abb313 60.0 43.0 208.0 209.0 15.133333333333333 5.0 0.0 5.0 -22.0 5.0 6.0 0.08333333333333333 0.6 14.45683229480096 10.222524150130438 10.222524150130438 0.0 0.0 24.291866028708135 10.10310392691911 2565.0 0.0 209.0 0.0
af23560 60.0 8.0 8.0 17.0 15.4 11.0 5.0 4.0 -15.0 0.0 8.0 0.7833333333333333 0.7833333333333333 360.70374470418875 357.20798164266427 50.09640001435881 548.0 0.9448275566101074 4.275862068965517 2.4154181721789425 924.0 262.0 258.0 60.0
arc130 60.0 55.0 55.0 60.0 38.75 32.0 1.0 6.0 -56.0 0.0 2.0 0.8166666666666667 0.3 303565.44172912656 214653.18247628477 214653.18228482557 428.0 0.7303754091262817 17.50853242320819 16.094985616956638 3177.0 239.0 287.0 60.0
ash219 60.0 41.0 26.0 40.0 10.983333333333333 2.0 2.0 20.0 -26.0 0.0 11.0 0.06666666666666667 0.4666666666666667 10.954451150103322 8.06225774829855 7.416198487095663 10.0 0.0833333358168602 17.141666666666666 12.26396879299501 1621.0 14.0 102.0 4.0
ash292 60.0 21.0 0.0 22.0 10.316666666666666 6.0 1.0 10.0 -12.0 0.0 14.0 0.06666666666666667 0.23333333333333334 15.165750888103101 12.041594578792296 9.219544457292887 60.0 0.260869562625885 4.960869565217391 6.595996093180139 619.0 0.0 170.0 60.0
ash331 60.0 46.0 4.0 14.0 6.4 2.0 2.0 15.0 -22.0 0.0 8.0 0.03333333333333333 0.6166666666666667 10.954451150103322 7.810249675906654 7.681145747868608 2.0 0.01666666753590107 20.933333333333334 13.608045006131077 2708.0 3.0 115.0 2.0
ash608 60.0 42.0 2.0 14.0 4.883333333333334 2.0 2.0 7.0 -9.0 0.0 11.0 0.03333333333333333 0.55 10.954451150103322 7.937253933193772 7.54983443527075 6.0 0.05000000074505806 18.391666666666666 11.9744838673276 2311.0 2.0 116.0 2.0
ash85 60.0 39.0 0.0 40.0 11.15 6.0 1.0 31.0 -38.0 0.0 14.0 0.16666666666666666 0.21666666666666667 14.422205101855956 11.575836902790225 8.602325267042627 60.0 0.2884615361690521 5.115384615384615 7.2008382155077735 669.0 0.0 148.0 60.0
ash958 60.0 42.0 2.0 14.0 4.883333333333334 2.0 2.0 7.0 -9.0 0.0 11.0 0.03333333333333333 0.55 10.954451150103322 7.937253933193772 7.54983443527075 6.0 0.05000000074505806 18.391666666666666 11.9744838673276 2311.0 2.0 116.0 2.0
bcspwr01 39.0 38.0 0.0 39.0 8.487179487179487 4.0 1.0 37.0 -37.0 0.0 14.0 0.7692307692307693 0.6410256410256411 9.219544457292887 7.874007874011811 4.795831523312719 39.0 0.4588235318660736 4.047058823529412 7.765543626821575 331.0 0.0 46.0 39.0
bcspwr02 49.0 34.0 0.0 35.0 8.693877551020408 5.0 1.0 27.0 -33.0 0.0 17.0 0.6938775510204082 0.6122448979591837 10.392304845413264 8.860022573334675 5.431390245600108 49.0 0.45370370149612427 4.972222222222222 8.487963518498297 426.0 0.0 59.0 49.0
bcspwr03 60.0 15.0 0.0 16.0 2.6333333333333333 8.0 1.0 10.0 -10.0 0.0 25.0 0.7833333333333333 0.7166666666666667 11.180339887498949 9.617692030835672 5.7008771254956905 60.0 0.47999998927116394 1.784 2.9328048008689547 158.0 0.0 65.0 60.0
bcspwr04 60.0 53.0 0.0 54.0 11.8 6.0 1.0 40.0 -52.0 0.0 15.0 0.7666666666666667 0.7166666666666667 11.0 9.513148795220223 5.522680508593631 60.0 0.4958677589893341 7.983471074380165 12.929550669440381 708.0 0.0 61.0 60.0
bcspwr05 60.0 37.0 0.0 38.0 3.25 3.0 1.0 36.0 -36.0 0.0 15.0 0.95 0.9 9.486832980505138 8.660254037844387 3.872983346207417 60.0 0.6666666865348816 1.6555555555555554 5.344074831293917 195.0 0.0 30.0 60.0
bcspwr06 60.0 29.0 0.0 30.0 3.4 4.0 1.0 29.0 -28.0 0.0 18.0 0.9333333333333333 0.8833333333333333 9.797958971132712 8.831760866327848 4.242640687119284 60.0 0.625 1.65625 4.712191910795513 204.0 0.0 36.0 60.0
bcspwr07 60.0 36.0 0.0 37.0 4.816666666666666 4.0 1.0 36.0 -35.0 0.0 17.0 0.9166666666666666 0.8666666666666667 9.9498743710662 8.916277250063503 4.415880433163924 60.0 0.6060606241226196 2.6565656565656566 7.115442895507247 289.0 0.0 39.0 60.0
bcspwr08 60.0 28.0 0.0 29.0 2.8 4.0 1.0 25.0 -27.0 0.0 15.0 0.95 0.9 9.695359714832659 8.774964387392123 4.1231056256176615 60.0 0.6382978558540344 1.2234042553191489 3.4057343861373095 168.0 0.0 34.0 60.0
bcspwr09 60.0 3.0 0.0 4.0 1.2666666666666666 3.0 1.0 2.0 -1.0 0.0 13.0 0.9333333333333333 1.0 8.660254037844387 8.215838362577491 2.738612787525832 60.0 0.800000011920929 0.26666666666666666 0.596284793999944 76.0 0.0 15.0 60.0
bcspwr10 60.0 0.0 0.0 1.0 1.0 1.0 1.0 1.0 -59.0 0.0 1.0 1.0 1.0 7.745966692414834 7.745966692414834 0.0 60.0 1.0 0.0 0.0 60.0 0.0 0.0 60.0
bcsstk01 48.0 35.0 0.0 36.0 18.729166666666668 10.0 1.0 18.0 -28.0 0.0 7.0 0.7083333333333334 0.5416666666666666 7.291988925483891E9 7.174312086259641E9 1.3047408088691576E9 48.0 0.2142857164144516 9.714285714285714 10.474824045085924 899.0 0.0 176.0 48.0
bcsstk02 60.0 59.0 0.0 60.0 30.5 60.0 1.0 1.0 -58.0 0.0 1.0 0.6666666666666666 0.55 47318.84947005023 45220.63074994803 13934.420323290393 60.0 0.032786883413791656 19.666666666666668 14.255603186895378 1830.0 0.0 1770.0 60.0
bcsstk04 60.0 41.0 0.0 42.0 22.8 29.0 1.0 6.0 -28.0 0.0 3.0 0.65 0.6 3.0567819118277695E7 3.034646525233218E7 3672003.8584864074 60.0 0.08264462649822235 15.300275482093664 11.027547521177285 1368.0 0.0 666.0 60.0
bcsstk05 60.0 28.0 0.0 29.0 14.666666666666666 11.0 1.0 10.0 -19.0 0.0 5.0 0.6666666666666666 0.6666666666666666 1.1486978017666139E7 1.1066676044134775E7 3078854.545528023 60.0 0.17804154753684998 8.008902077151335 7.300455921246758 880.0 0.0 277.0 60.0
bcsstk06 60.0 47.0 0.0 48.0 16.616666666666667 17.0 1.0 35.0 -46.0 0.0 6.0 0.5666666666666667 0.6833333333333333 5.419529750413268E9 5.246323490817621E9 1.3591881934852555E9 60.0 0.13636364042758942 11.211363636363636 15.690424351250474 997.0 0.0 380.0 60.0
bcsstk07 60.0 47.0 0.0 48.0 16.616666666666667 17.0 1.0 35.0 -46.0 0.0 6.0 0.5666666666666667 0.6833333333333333 5.419529750413268E9 5.246323490817621E9 1.3591881934852555E9 60.0 0.13636364042758942 11.211363636363636 15.690424351250474 997.0 0.0 380.0 60.0
bcsstk08 60.0 56.0 0.0 57.0 19.25 7.0 1.0 6.0 -55.0 0.0 5.0 0.75 0.9333333333333333 7.724850982636925E10 7.724624107178557E10 5.920394195104188E8 60.0 0.25531914830207825 10.391489361702128 14.03005633490206 1155.0 0.0 175.0 60.0
bcsstk09 60.0 59.0 0.0 60.0 7.216666666666667 6.0 1.0 54.0 -58.0 0.0 14.0 0.9833333333333333 0.95 1.8537758004299492E8 1.826341773715589E8 3.177427321609333E7 60.0 0.2985074520111084 5.213930348258707 13.333047446255632 433.0 0.0 141.0 60.0
bcsstk10 60.0 37.0 0.0 38.0 22.033333333333335 15.0 1.0 15.0 -27.0 0.0 6.0 0.5166666666666667 0.48333333333333334 5.692327010916205E7 5.393730186205385E7 1.819412398996734E7 60.0 0.14598539471626282 14.309002433090024 12.361717521259733 1322.0 0.0 351.0 60.0
bcsstk11 60.0 56.0 0.0 57.0 12.383333333333333 16.0 1.0 46.0 -55.0 0.0 4.0 0.85 0.75 1.1047164635976822E9 1.09991638226476E9 1.0287087522409658E8 60.0 0.190476194024086 10.980952380952381 18.69181008282332 743.0 0.0 255.0 60.0
bcsstk12 60.0 56.0 0.0 57.0 12.383333333333333 16.0 1.0 46.0 -55.0 0.0 4.0 0.85 0.75 1.1047164635976822E9 1.09991638226476E9 1.0287087522409658E8 60.0 0.190476194024086 10.980952380952381 18.69181008282332 743.0 0.0 255.0 60.0
bcsstk13 60.0 41.0 0.0 42.0 11.566666666666666 11.0 1.0 27.0 -40.0 0.0 4.0 0.85 0.7833333333333333 1.0484628859434833E11 1.0318243455975691E11 1.860455402128359E10 60.0 0.1599999964237213 5.352 7.1415285011916945 694.0 0.0 315.0 60.0
bcsstk14 60.0 35.0 0.0 36.0 21.616666666666667 23.0 1.0 5.0 -22.0 0.0 3.0 0.75 0.6666666666666666 4.1318008329916472E9 4.094891983132822E9 5.510333655823518E8 60.0 0.09316769987344742 12.420807453416149 10.535577199454172 1297.0 0.0 584.0 60.0
bcsstk15 60.0 59.0 0.0 60.0 26.583333333333332 20.0 1.0 21.0 -58.0 0.0 2.0 0.75 0.7833333333333333 2.4086385774450368E8 2.349835238474849E8 5.2897462016461775E7 60.0 0.10273972898721695 13.996575342465754 14.746139101768536 1595.0 0.0 524.0 60.0
bcsstk16 60.0 19.0 0.0 20.0 9.233333333333333 10.0 1.0 5.0 -12.0 0.0 8.0 1.0 0.95 2.6166064495487337E9 2.5789489489202576E9 4.4232525440350884E8 60.0 0.2054794579744339 6.767123287671233 5.928271128570389 554.0 0.0 232.0 60.0
bcsstk17 60.0 58.0 0.0 59.0 25.033333333333335 15.0 1.0 16.0 -57.0 0.0 1.0 0.6833333333333333 0.6333333333333333 4.0154499354144573E8 3.788209820616862E8 1.3316548121799168E8 60.0 0.14423076808452606 13.17548076923077 16.60631468053225 1502.0 0.0 356.0 60.0
bcsstk18 60.0 18.0 0.0 19.0 5.116666666666666 8.0 1.0 10.0 -16.0 0.0 9.0 0.9166666666666666 0.8666666666666667 2.725833030936001E9 2.7246892536041384E9 7.895684793524362E7 60.0 0.44117647409439087 3.838235294117647 5.093566571197921 307.0 0.0 76.0 60.0
bcsstk19 60.0 5.0 0.0 6.0 4.85 6.0 1.0 2.0 -4.0 0.0 12.0 0.6833333333333333 0.6666666666666666 3.3349579687602744E12 3.2933112579011465E12 5.254004301285114E11 60.0 0.2097902148962021 2.055944055944056 1.5341165598636524 291.0 0.0 226.0 60.0
bcsstk20 60.0 5.0 0.0 6.0 4.516666666666667 4.0 1.0 3.0 -4.0 0.0 20.0 0.6833333333333333 0.6833333333333333 9.310308385581175E13 9.175707224948684E13 1.5774153405643264E13 60.0 0.34285715222358704 1.8571428571428572 1.6620616653998843 271.0 0.0 115.0 60.0
bcsstk21 60.0 10.0 0.0 11.0 7.3 3.0 1.0 6.0 -9.0 0.0 22.0 1.0 1.0 3.2862054382394326E8 3.196438621781749E8 7.628409529491782E7 60.0 0.4000000059604645 3.6 3.32264954516723 438.0 0.0 90.0 60.0
bcsstk22 60.0 37.0 0.0 38.0 5.066666666666666 6.0 1.0 35.0 -36.0 0.0 21.0 0.85 0.8 1.4768312116269117E7 1.44416974708832E7 3088756.5334656946 60.0 0.4195804297924042 2.734265734265734 6.36088467365061 304.0 0.0 83.0 60.0
bcsstk23 60.0 10.0 0.0 11.0 8.083333333333334 8.0 1.0 6.0 -9.0 0.0 15.0 0.6666666666666666 0.5833333333333334 6.278915938911405E15 6.251535023825205E15 5.857433002625626E14 60.0 0.2112676054239273 3.7746478873239435 2.9320818114875475 485.0 0.0 224.0 60.0
bcsstk24 60.0 23.0 0.0 24.0 11.3 18.0 1.0 1.0 -10.0 0.0 6.0 0.35 0.3 3.2832244397809555E13 3.12865010065512E13 9.955457144931502E12 60.0 0.09345794469118118 5.928348909657321 4.785541576177922 678.0 0.0 582.0 60.0
bcsstk25 60.0 43.0 0.0 44.0 15.483333333333333 9.0 1.0 7.0 -24.0 0.0 8.0 0.8333333333333334 0.8 1.0126007345459064E15 9.881436624095788E14 2.2120657775638947E14 60.0 0.2542372941970825 8.889830508474576 10.643915981860241 929.0 0.0 176.0 60.0
bcsstk26 60.0 34.0 0.0 35.0 16.7 14.0 1.0 4.0 -15.0 0.0 5.0 0.6333333333333333 0.48333333333333334 1.1131907919230253E10 1.042488126296915E10 3.9040010982600875E9 60.0 0.1785714328289032 10.023809523809524 10.572286537470761 1002.0 0.0 276.0 60.0
bcsstk27 60.0 42.0 0.0 43.0 24.05 25.0 1.0 13.0 -29.0 0.0 3.0 0.7166666666666667 0.5833333333333334 3116187.539596056 3066766.121709653 552784.1682498264 60.0 0.07604562491178513 15.310519645120406 12.919803463277432 1443.0 0.0 729.0 60.0
bcsstk28 60.0 23.0 0.0 24.0 13.7 24.0 1.0 1.0 -22.0 0.0 2.0 0.45 0.4166666666666667 1.2266958948859435E7 1.1457207962618502E7 4382997.553537277 60.0 0.07299269735813141 7.520681265206813 5.428494302056461 822.0 0.0 762.0 60.0
bcsstk29 60.0 41.0 0.0 42.0 21.433333333333334 24.0 1.0 2.0 -10.0 0.0 6.0 0.03333333333333333 0.13333333333333333 28.35489375751565 20.784609690826528 19.28730152198591 60.0 0.0746268630027771 12.851990049751244 11.185088399622227 1286.0 0.0 744.0 60.0
bcsstk30 60.0 34.0 0.0 35.0 15.933333333333334 30.0 1.0 6.0 -33.0 0.0 2.0 0.03333333333333333 0.08333333333333333 28.722813232690143 21.03568396796263 19.557607215607945 60.0 0.072727270424366 10.58060606060606 9.102173546414846 956.0 0.0 765.0 60.0
bcsstk31 60.0 49.0 0.0 50.0 25.1 15.0 1.0 4.0 -33.0 0.0 3.0 0.06666666666666667 0.2 22.315913604421397 16.703293088490067 14.79864858694874 60.0 0.1204819306731224 13.53012048192771 11.967832403375448 1506.0 0.0 438.0 60.0
bcsstk32 60.0 59.0 0.0 60.0 17.9 30.0 1.0 37.0 -58.0 0.0 2.0 0.03333333333333333 0.06666666666666667 26.038433132583073 19.209372712298546 17.578395831246944 60.0 0.08849557489156723 15.489675516224189 19.177306052893158 1074.0 0.0 618.0 60.0
bcsstk33 60.0 17.0 0.0 18.0 13.9 10.0 1.0 11.0 -16.0 0.0 6.0 0.03333333333333333 0.06666666666666667 20.92844953645635 15.7797338380595 13.747727084867519 60.0 0.13698630034923553 8.4337899543379 6.491578652285078 834.0 0.0 378.0 60.0
bcsstk34 60.0 53.0 0.0 54.0 24.333333333333332 19.0 1.0 19.0 -40.0 0.0 2.0 0.7166666666666667 0.6666666666666666 3.816379559315422E7 3.744873333682152E7 7353071.844045181 60.0 0.12295082211494446 16.32377049180328 16.35335005173371 1460.0 0.0 428.0 60.0
bcsstk35 60.0 35.0 0.0 36.0 13.5 24.0 1.0 1.0 -16.0 0.0 3.0 0.4666666666666667 0.5666666666666667 2.6519758095354807E7 2.5820726164998118E7 6048774.235191659 60.0 0.09646302461624146 8.115755627009646 7.498517066132855 810.0 0.0 562.0 60.0
bcsstk36 60.0 59.0 0.0 60.0 17.3 30.0 1.0 37.0 -58.0 0.0 2.0 0.5166666666666667 0.6166666666666667 3.752801613704001E7 3.6843307696904525E7 7136012.411224563 60.0 0.09345794469118118 16.021806853582554 19.56352758805403 1038.0 0.0 582.0 60.0
bcsstk37 60.0 34.0 0.0 35.0 20.933333333333334 15.0 1.0 4.0 -18.0 0.0 5.0 0.31666666666666665 0.36666666666666664 4.201866796712396E7 3.94091907389518E7 1.4576835837462297E7 60.0 0.12371134012937546 11.212371134020618 9.268851036259166 1256.0 0.0 425.0 60.0
bcsstk38 60.0 59.0 0.0 60.0 20.9 36.0 1.0 31.0 -58.0 0.0 2.0 0.55 0.45 1.1971526265445642E7 1.1424086426927563E7 3578783.3734866204 60.0 0.07633587718009949 18.033078880407125 18.438024239292556 1254.0 0.0 726.0 60.0
bcsstm02 60.0 0.0 0.0 1.0 1.0 1.0 1.0 1.0 -59.0 0.0 1.0 1.0 1.0 0.8196259725167345 0.8196259725167345 0.0 60.0 1.0 0.0 0.0 60.0 0.0 0.0 60.0
bcsstm05 60.0 0.0 0.0 1.0 1.0 1.0 1.0 1.0 -59.0 0.0 1.0 1.0 1.0 1.2113775210297586 1.2113775210297586 0.0 60.0 1.0 0.0 0.0 60.0 0.0 0.0 60.0
bcsstm06 60.0 0.0 0.0 1.0 1.0 1.0 1.0 1.0 -59.0 0.0 1.0 1.0 1.0 22165.14447776979 22165.14447776979 0.0 60.0 1.0 0.0 0.0 60.0 0.0 0.0 60.0
bcsstm07 60.0 47.0 0.0 48.0 16.616666666666667 16.0 1.0 35.0 -46.0 0.0 6.0 0.6833333333333333 0.65 5440.818882074757 5248.521091460584 1433.7142183973103 60.0 0.1428571492433548 11.557142857142857 15.973462260845002 997.0 0.0 360.0 60.0
bcsstm08 60.0 0.0 0.0 1.0 1.0 1.0 1.0 1.0 -59.0 0.0 1.0 1.0 1.0 1035402.3276871757 1035402.3276871757 0.0 60.0 1.0 0.0 0.0 60.0 0.0 0.0 60.0
bcsstm09 60.0 0.0 0.0 1.0 1.0 1.0 1.0 1.0 -59.0 0.0 1.0 1.0 1.0 0.0011583743879907524 0.0011583743879907524 0.0 60.0 1.0 0.0 0.0 60.0 0.0 0.0 60.0
bcsstm10 60.0 37.0 0.0 38.0 22.033333333333335 15.0 1.0 15.0 -27.0 0.0 6.0 0.6333333333333333 0.5166666666666667 56429.06318972755 54024.006027379604 16298.64857047717 60.0 0.14598539471626282 14.309002433090024 12.361717521259733 1322.0 0.0 351.0 60.0
bcsstm11 60.0 0.0 0.0 1.0 1.0 1.0 1.0 1.0 -59.0 0.0 1.0 1.0 1.0 77.40385782823564 77.40385782823564 0.0 60.0 1.0 0.0 0.0 60.0 0.0 0.0 60.0
bcsstm19 60.0 0.0 0.0 1.0 1.0 1.0 1.0 1.0 -59.0 0.0 1.0 1.0 1.0 1.4190782683823004E7 1.4190782683823004E7 0.0 60.0 1.0 0.0 0.0 60.0 0.0 0.0 60.0
bcsstm20 60.0 0.0 0.0 1.0 1.0 1.0 1.0 1.0 -59.0 0.0 1.0 1.0 1.0 1856445.2889256638 1856445.2889256638 0.0 60.0 1.0 0.0 0.0 60.0 0.0 0.0 60.0
bcsstm21 60.0 0.0 0.0 1.0 1.0 1.0 1.0 1.0 -59.0 0.0 1.0 1.0 1.0 8.043960719302395E-4 8.043960719302395E-4 0.0 60.0 1.0 0.0 0.0 60.0 0.0 0.0 60.0
bcsstm22 60.0 0.0 0.0 1.0 1.0 1.0 1.0 1.0 -59.0 0.0 1.0 1.0 1.0 0.024819686061008858 0.024819686061008858 0.0 60.0 1.0 0.0 0.0 60.0 0.0 0.0 60.0
bcsstm23 60.0 0.0 0.0 1.0 1.0 1.0 1.0 1.0 -59.0 0.0 1.0 1.0 1.0 3316663.674206689 3316663.674206689 0.0 60.0 1.0 0.0 0.0 60.0 0.0 0.0 60.0
bcsstm24 60.0 0.0 0.0 1.0 1.0 1.0 1.0 1.0 -59.0 0.0 1.0 1.0 1.0 1009036.5310173705 1009036.5310173705 0.0 60.0 1.0 0.0 0.0 60.0 0.0 0.0 60.0
bcsstm25 60.0 0.0 0.0 1.0 1.0 1.0 1.0 1.0 -59.0 0.0 1.0 1.0 1.0 4.078913311074371E8 4.078913311074371E8 0.0 60.0 1.0 0.0 0.0 60.0 0.0 0.0 60.0
bcsstm26 60.0 0.0 0.0 1.0 1.0 1.0 1.0 1.0 -59.0 0.0 1.0 1.0 1.0 1.5455415196555868 1.5455415196555868 0.0 60.0 1.0 0.0 0.0 60.0 0.0 0.0 60.0
bcsstm27 60.0 42.0 0.0 43.0 24.05 25.0 1.0 13.0 -29.0 0.0 3.0 0.55 0.5 4491.296964517589 4291.097904474854 1325.9815977970513 60.0 0.07604562491178513 15.310519645120406 12.919803463277432 1443.0 0.0 729.0 60.0
bcsstm34 60.0 53.0 0.0 54.0 24.333333333333332 19.0 1.0 19.0 -40.0 0.0 2.0 0.3333333333333333 0.36666666666666664 4.169877394596382 4.0940141654060085 0.7917862713010676 60.0 0.104347825050354 14.737391304347826 15.617456570019533 1460.0 0.0 515.0 60.0
bcsstm39 60.0 0.0 0.0 1.0 1.0 1.0 1.0 1.0 -59.0 0.0 1.0 1.0 1.0 122.43006737574716 122.43006737574716 0.0 60.0 1.0 0.0 0.0 60.0 0.0 0.0 60.0
beaflw 60.0 60.0 50.0 60.0 24.9 53.0 0.0 14.0 -25.0 36.0 9.0 0.7833333333333333 0.2 13100.862800370547 12197.2616786585 4781.151917316749 79.0 0.28315412998199463 14.670250896057349 12.130955557281958 2921.0 186.0 72.0 21.0
beause 60.0 60.0 50.0 60.0 23.816666666666666 53.0 0.0 14.0 -25.0 36.0 9.0 0.7833333333333333 0.18333333333333332 13441.107671461641 12492.068317272428 4961.008424949864 55.0 0.2107279747724533 15.137931034482758 12.305970653591064 2899.0 170.0 70.0 21.0
bfwa398 60.0 10.0 10.0 21.0 17.916666666666668 9.0 3.0 9.0 -18.0 0.0 12.0 1.0 1.0 16.689432051101296 16.67759196139028 0.6285447937081003 336.0 0.9767441749572754 5.287790697674419 4.0536047412214495 1064.0 142.0 142.0 60.0
bfwa62 60.0 48.0 48.0 53.0 38.11666666666667 21.0 3.0 14.0 -38.0 0.0 5.0 0.43333333333333335 0.4666666666666667 30.26223119349078 30.06336828451551 3.463599889980543 428.0 0.9727272987365723 15.352272727272727 15.030000130592832 3041.0 193.0 187.0 60.0
bfwa782 60.0 14.0 14.0 29.0 22.783333333333335 7.0 3.0 13.0 -23.0 0.0 12.0 1.0 1.0 14.009014520639703 14.009014520639708 0.0 336.0 1.0 7.119047619047619 5.903801765256571 1342.0 138.0 138.0 60.0
bfwb398 60.0 10.0 0.0 11.0 9.366666666666667 4.0 1.0 9.0 -9.0 0.0 17.0 1.0 1.0 3.533365299936608E-5 3.5268439680192206E-5 2.1457392209342668E-6 60.0 0.3030303120613098 4.555555555555555 4.2097103291075 562.0 0.0 138.0 60.0
bfwb62 60.0 48.0 0.0 49.0 22.966666666666665 6.0 1.0 23.0 -40.0 0.0 9.0 0.9333333333333333 1.0 5.091743151587143E-4 4.96150029475826E-4 1.1442740698138182E-4 60.0 0.3030303120613098 9.328282828282829 13.256532907517297 1378.0 0.0 138.0 60.0
bfwb782 60.0 14.0 0.0 15.0 11.683333333333334 4.0 1.0 13.0 -13.0 0.0 16.0 1.0 1.0 2.3050140800075075E-5 2.3004272966555425E-5 1.4534153513338367E-6 60.0 0.3030303120613098 6.040404040404041 6.007435110296922 701.0 0.0 138.0 60.0
big 60.0 12.0 12.0 24.0 4.8 7.0 1.0 11.0 -22.0 0.0 9.0 0.9833333333333333 0.9833333333333333 99.65942002640794 99.65942002640794 0.0 108.0 1.0 3.3703703703703702 4.8963187089754285 268.0 24.0 24.0 60.0
blckhole 60.0 11.0 0.0 12.0 7.983333333333333 4.0 1.0 5.0 -5.0 0.0 16.0 0.2 0.18333333333333332 14.352700094407323 11.532562594670797 8.54400374531753 60.0 0.291262149810791 3.5776699029126213 3.713173401091025 479.0 0.0 146.0 60.0
bwm200 60.0 1.0 1.0 3.0 2.966666666666667 3.0 2.0 1.0 -1.0 0.0 20.0 0.03333333333333333 0.03333333333333333 5838.669819561913 5838.669819561912 0.0 178.0 1.0 0.6629213483146067 0.47271199928005886 178.0 59.0 59.0 60.0
bwm2000 60.0 1.0 1.0 3.0 2.966666666666667 3.0 2.0 1.0 -1.0 0.0 20.0 0.03333333333333333 0.03333333333333333 576248.4802630219 576248.4802630215 0.0 178.0 1.0 0.6629213483146067 0.47271199928005886 178.0 59.0 59.0 60.0
can_1054 60.0 52.0 0.0 53.0 17.8 8.0 1.0 41.0 -51.0 0.0 7.0 0.25 0.3333333333333333 15.0996688705415 12.0 9.16515138991168 60.0 0.2631579041481018 13.407894736842104 19.790909860633658 1068.0 0.0 168.0 60.0
can_1072 60.0 56.0 0.0 57.0 15.55 8.0 1.0 45.0 -55.0 0.0 7.0 0.26666666666666666 0.3333333333333333 14.628738838327793 11.704699910719626 8.774964387392123 60.0 0.28037384152412415 11.672897196261681 19.477893388623684 933.0 0.0 154.0 60.0
can_144 60.0 54.0 0.0 55.0 14.516666666666667 7.0 1.0 47.0 -53.0 0.0 6.0 0.21666666666666667 0.26666666666666666 14.628738838327793 11.704699910719626 8.774964387392123 60.0 0.28037384152412415 11.144859813084112 19.781340842852273 871.0 0.0 154.0 60.0
can_161 60.0 31.0 0.0 32.0 14.366666666666667 6.0 1.0 14.0 -30.0 0.0 11.0 0.25 0.25 15.84297951775486 12.469963913339926 9.772410142846033 60.0 0.23904383182525635 8.752988047808765 7.981224296483176 862.0 0.0 191.0 60.0
can_187 60.0 34.0 0.0 35.0 17.416666666666668 6.0 1.0 30.0 -32.0 0.0 12.0 0.5166666666666667 0.5166666666666667 14.2828568570857 11.489125293076057 8.485281374238571 60.0 0.29411765933036804 13.622549019607844 15.545937032176013 1045.0 0.0 144.0 60.0
can_229 60.0 47.0 0.0 48.0 17.083333333333332 6.0 1.0 22.0 -46.0 0.0 11.0 0.38333333333333336 0.38333333333333336 15.066519173319364 11.979148550710939 9.137833441248533 60.0 0.26431718468666077 11.766519823788546 11.946766202204488 1025.0 0.0 167.0 60.0
can_24 24.0 21.0 0.0 22.0 10.916666666666666 8.0 1.0 9.0 -20.0 0.0 3.0 0.3333333333333333 0.3333333333333333 9.591663046625438 7.615773105863908 5.8309518948453 24.0 0.260869562625885 6.380434782608695 6.093193621297148 262.0 0.0 68.0 24.0
can_256 60.0 50.0 0.0 51.0 24.266666666666666 8.0 1.0 27.0 -46.0 0.0 6.0 0.25 0.35 16.186414056238647 12.688577540449522 10.049875621120892 60.0 0.22900763154029846 16.236641221374047 17.18370969246576 1456.0 0.0 202.0 60.0
can_268 60.0 58.0 0.0 59.0 18.65 8.0 1.0 46.0 -57.0 0.0 8.0 0.13333333333333333 0.25 16.941074346097416 13.171939872319491 10.653637876331258 60.0 0.2090592384338379 11.578397212543553 13.2394177139026 1119.0 0.0 227.0 60.0
can_292 60.0 56.0 0.0 57.0 21.216666666666665 8.0 1.0 47.0 -55.0 0.0 9.0 0.31666666666666665 0.31666666666666665 15.165750888103101 12.041594578792296 9.219544457292887 60.0 0.260869562625885 10.217391304347826 15.01870289582186 1273.0 0.0 170.0 60.0
can_445 60.0 31.0 0.0 32.0 14.366666666666667 6.0 1.0 14.0 -30.0 0.0 11.0 0.25 0.25 15.84297951775486 12.469963913339926 9.772410142846033 60.0 0.23904383182525635 8.752988047808765 7.981224296483176 862.0 0.0 191.0 60.0
can_61 60.0 49.0 0.0 50.0 26.083333333333332 8.0 1.0 14.0 -37.0 0.0 5.0 0.11666666666666667 0.25 17.435595774162696 13.490737563232042 11.045361017187263 60.0 0.19736842811107635 15.625 15.91354624046345 1565.0 0.0 244.0 60.0
can_62 60.0 48.0 0.0 49.0 6.866666666666666 4.0 1.0 47.0 -47.0 0.0 22.0 0.7166666666666667 0.6333333333333333 11.61895003862225 9.874208829065749 6.123724356957945 60.0 0.4444444477558136 3.2 7.340198806471015 412.0 0.0 75.0 60.0
can_634 60.0 31.0 0.0 32.0 14.366666666666667 6.0 1.0 14.0 -30.0 0.0 11.0 0.25 0.25 15.84297951775486 12.469963913339926 9.772410142846033 60.0 0.23904383182525635 8.752988047808765 7.981224296483176 862.0 0.0 191.0 60.0
can_715 60.0 31.0 0.0 32.0 13.45 6.0 1.0 23.0 -24.0 0.0 14.0 0.26666666666666666 0.25 15.066519173319364 11.979148550710939 9.137833441248533 60.0 0.26431718468666077 8.251101321585903 8.88514258180391 807.0 0.0 167.0 60.0
can_73 60.0 39.0 0.0 40.0 10.933333333333334 6.0 1.0 14.0 -38.0 0.0 17.0 0.75 0.7166666666666667 12.68857754044952 10.51189802081432 7.106335201775948 60.0 0.3726707994937897 6.62111801242236 9.380794506988538 656.0 0.0 101.0 60.0
can_838 60.0 32.0 0.0 33.0 14.183333333333334 5.0 1.0 15.0 -16.0 0.0 15.0 0.25 0.3 14.317821063276353 11.510864433221338 8.514693182963201 60.0 0.2926829159259796 7.351219512195122 8.10742273418864 851.0 0.0 145.0 60.0
can_96 60.0 31.0 0.0 32.0 14.366666666666667 6.0 1.0 14.0 -30.0 0.0 11.0 0.25 0.25 15.84297951775486 12.469963913339926 9.772410142846033 60.0 0.23904383182525635 8.752988047808765 7.981224296483176 862.0 0.0 191.0 60.0
cavity01 60.0 31.0 31.0 47.0 28.45 27.0 8.0 1.0 -35.0 0.0 2.0 0.4 0.5166666666666667 36.53592431336349 36.18742150676634 5.034311285910861 602.0 0.6600877046585083 10.211622807017545 7.855615713850213 1815.0 472.0 388.0 52.0
cavity03 60.0 31.0 31.0 47.0 28.45 27.0 8.0 1.0 -35.0 0.0 2.0 0.06666666666666667 0.38333333333333336 59.10278920487635 39.860323402892675 43.638220747560894 602.0 0.6586433053016663 10.195842450765864 7.854805509093242 1815.0 473.0 389.0 52.0
cavity05 60.0 31.0 31.0 47.0 28.45 27.0 8.0 1.0 -35.0 0.0 2.0 0.4 0.5166666666666667 36.52622683652533 36.18667435996706 4.968887770820186 596.0 0.6556655764579773 10.222222222222221 7.866817075750057 1815.0 471.0 386.0 52.0
cavity07 60.0 31.0 31.0 47.0 28.45 27.0 8.0 1.0 -35.0 0.0 2.0 0.3333333333333333 0.5 36.90654592275916 36.21985093394888 7.0862917150830835 602.0 0.6572052240371704 10.18231441048035 7.851553506160301 1815.0 475.0 389.0 52.0
cavity09 60.0 31.0 31.0 47.0 28.45 27.0 8.0 1.0 -35.0 0.0 2.0 0.16666666666666666 0.4 40.541415715284735 36.78659175369706 17.03974927475061 602.0 0.6572052240371704 10.18231441048035 7.851553506160301 1815.0 475.0 389.0 52.0
cavity10 60.0 31.0 31.0 47.0 28.433333333333334 27.0 8.0 2.0 -35.0 0.0 2.0 0.4 0.5166666666666667 36.524430724930475 36.186535997755826 4.956677542807078 598.0 0.6593164205551147 10.231532524807056 7.872003773284463 1814.0 468.0 387.0 52.0
cavity12 60.0 31.0 31.0 47.0 28.45 27.0 8.0 1.0 -35.0 0.0 2.0 0.4 0.5166666666666667 36.53343372253427 36.18405285858882 5.04044623874282 600.0 0.6593406796455383 10.216483516483516 7.864117476125315 1815.0 470.0 388.0 52.0
cavity14 60.0 31.0 31.0 47.0 28.45 27.0 8.0 1.0 -35.0 0.0 2.0 0.38333333333333336 0.5166666666666667 36.631852900643466 36.20002738837531 5.608089158996986 600.0 0.6593406796455383 10.216483516483516 7.864117476125315 1815.0 470.0 388.0 52.0
cavity16 60.0 31.0 31.0 47.0 28.45 27.0 8.0 2.0 -35.0 0.0 2.0 0.4 0.5166666666666667 36.523802065005114 36.18648757085687 4.9523968508080305 598.0 0.655701756477356 10.205043859649123 7.861231823801531 1815.0 473.0 387.0 52.0
cavity18 60.0 31.0 31.0 47.0 28.45 27.0 8.0 1.0 -35.0 0.0 2.0 0.4 0.5166666666666667 36.52330026063994 36.18598049678218 4.9524011767386575 602.0 0.6572052240371704 10.18231441048035 7.851553506160301 1815.0 475.0 389.0 52.0
cavity20 60.0 31.0 31.0 47.0 28.45 27.0 8.0 1.0 -35.0 0.0 2.0 0.4 0.5166666666666667 36.523201064267404 36.185326939457696 4.956443308004208 602.0 0.6572052240371704 10.18231441048035 7.851553506160301 1815.0 475.0 389.0 52.0
cavity22 60.0 31.0 31.0 47.0 28.45 27.0 8.0 1.0 -35.0 0.0 2.0 0.4 0.5166666666666667 36.52429399679975 36.185144648987794 4.965819035817933 602.0 0.6572052240371704 10.18231441048035 7.851553506160301 1815.0 475.0 389.0 52.0
cavity24 60.0 31.0 31.0 47.0 28.45 27.0 8.0 1.0 -35.0 0.0 2.0 0.4 0.5166666666666667 36.52682866044091 36.185770200405 4.979884234868162 602.0 0.6572052240371704 10.18231441048035 7.851553506160301 1815.0 475.0 389.0 52.0
cavity26 60.0 31.0 31.0 47.0 28.45 27.0 8.0 1.0 -35.0 0.0 2.0 0.4 0.5166666666666667 36.53156487777249 36.18738380659279 5.002847754354249 602.0 0.6572052240371704 10.18231441048035 7.851553506160301 1815.0 475.0 389.0 52.0
cdde1 60.0 31.0 31.0 33.0 31.95 4.0 2.0 30.0 -31.0 0.0 15.0 1.0 1.0 33.47131372030512 33.46623669331653 0.582961190818051 234.0 1.0 8.179487179487179 13.106803468920733 1918.0 87.0 87.0 60.0
cdde2 60.0 31.0 31.0 33.0 31.95 4.0 2.0 30.0 -31.0 0.0 15.0 0.5166666666666667 0.5333333333333333 36.501936142663524 33.46623669331653 14.574029770451274 234.0 1.0 8.179487179487179 13.106803468920733 1918.0 87.0 87.0 60.0
cdde3 60.0 31.0 31.0 33.0 31.95 4.0 2.0 30.0 -31.0 0.0 15.0 1.0 1.0 33.12410081326737 33.11897055974868 0.582961190818051 234.0 1.0 8.179487179487179 13.106803468920733 1918.0 87.0 87.0 60.0
cdde4 60.0 31.0 31.0 33.0 31.95 4.0 2.0 30.0 -31.0 0.0 15.0 0.5166666666666667 0.5333333333333333 36.18381619850924 33.11897055974868 14.574029770451274 234.0 1.0 8.179487179487179 13.106803468920733 1918.0 87.0 87.0 60.0
cdde5 60.0 31.0 31.0 33.0 31.95 4.0 2.0 30.0 -31.0 0.0 15.0 1.0 1.0 31.94884383567774 31.943524831904877 0.582961190818051 234.0 1.0 8.179487179487179 13.106803468920733 1918.0 87.0 87.0 60.0
cdde6 60.0 31.0 31.0 33.0 31.95 4.0 2.0 30.0 -31.0 0.0 15.0 0.5166666666666667 0.5333333333333333 35.11112533708545 31.943524831904877 14.574029770451274 234.0 1.0 8.179487179487179 13.106803468920733 1918.0 87.0 87.0 60.0
circuit_1 60.0 19.0 19.0 32.0 2.5166666666666666 3.0 1.0 19.0 -18.0 0.0 13.0 0.8333333333333334 0.8333333333333334 3.162277770624842 3.1622777706218 4.386862655779949E-6 72.0 1.0 1.4166666666666667 4.0302674297812455 150.0 11.0 11.0 50.0
circuit_2 60.0 0.0 0.0 1.0 1.0 1.0 1.0 1.0 -59.0 0.0 1.0 1.0 1.0 7.745966692414834 7.745966692414834 0.0 60.0 1.0 0.0 0.0 60.0 0.0 0.0 60.0
circuit_3 60.0 4.0 4.0 6.0 3.9166666666666665 5.0 1.0 2.0 -5.0 0.0 17.0 0.5333333333333333 0.55 6.164359285378952 5.740529759147601 2.2462509841018456 183.0 0.8755980730056763 1.2870813397129186 1.086619620256085 236.0 77.0 77.0 55.0
circuit_4 60.0 2.0 15.0 16.0 3.2333333333333334 3.0 1.0 8.0 -15.0 0.0 4.0 1.0 0.9 7.8740205779346155 7.483328140723069 2.449489742783178 76.0 0.8636363744735718 1.5454545454545454 3.2922398113148765 140.0 20.0 8.0 60.0
ck104 60.0 55.0 55.0 60.0 24.933333333333334 10.0 4.0 49.0 -59.0 0.0 7.0 0.15 0.16666666666666666 10.058727561780344 9.842091966885855 2.0763491704143817 392.0 1.0 10.438775510204081 17.592360544311045 1336.0 166.0 166.0 60.0
ck400 60.0 5.0 5.0 10.0 9.466666666666667 6.0 4.0 3.0 -9.0 0.0 11.0 0.13333333333333333 0.11666666666666667 8.821594653445459 8.710483662645782 1.395710067484835 344.0 1.0 2.7790697674418605 1.7875614335886292 568.0 142.0 142.0 60.0
ck656 60.0 5.0 5.0 10.0 9.466666666666667 6.0 4.0 3.0 -9.0 0.0 11.0 0.13333333333333333 0.11666666666666667 8.82159465522396 8.71048366459661 1.3957100665509503 344.0 1.0 2.7790697674418605 1.7875614335886292 568.0 142.0 142.0 60.0
coater1 60.0 26.0 20.0 46.0 12.666666666666666 23.0 1.0 12.0 -25.0 0.0 13.0 0.5333333333333333 0.13333333333333333 49.964689724660936 43.28575297389296 24.956237872819592 76.0 0.28787878155708313 8.492424242424242 6.0113481220322615 799.0 79.0 153.0 32.0
coater2 60.0 26.0 20.0 45.0 15.866666666666667 25.0 0.0 9.0 -25.0 5.0 8.0 0.35 0.03333333333333333 29.50396434039716 27.848217461764285 9.744777883652036 182.0 0.40625 9.665178571428571 4.950598986512146 1080.0 190.0 242.0 16.0
conf5_0-4x4-10 60.0 59.0 59.0 48.0 30.6 18.0 6.0 19.0 -47.0 0.0 3.0 0.0 0.0 11.013457546194168 7.20048644974215 8.333621182229292 720.0 1.0 24.0 15.944696087832257 2844.0 360.0 360.0 0.0
crystk01 60.0 44.0 0.0 45.0 18.35 15.0 1.0 34.0 -43.0 0.0 4.0 0.75 0.65 2.3609980521187316E-10 2.2419325662140002E-10 7.403041068760546E-11 60.0 0.12987013161182404 16.361471861471863 18.083777750985654 1101.0 0.0 402.0 60.0
crystk02 60.0 59.0 0.0 60.0 7.55 9.0 1.0 52.0 -58.0 0.0 8.0 1.0 0.95 1.1743576662155324E-10 1.151006101683906E-10 2.3302549664276966E-11 60.0 0.20000000298023224 5.216666666666667 12.798296327593329 453.0 0.0 240.0 60.0
crystk03 60.0 5.0 0.0 6.0 4.85 6.0 1.0 1.0 -4.0 0.0 12.0 1.0 1.0 8.763522172544813E-11 8.638804982626986E-11 1.4732173433759565E-11 60.0 0.20618556439876556 2.0378006872852232 1.527057445341889 291.0 0.0 231.0 60.0
crystm01 60.0 42.0 0.0 43.0 17.35 5.0 1.0 36.0 -41.0 0.0 12.0 1.0 0.7 1.5379773927530018E-12 1.4999600682540635E-12 3.398444559833015E-13 60.0 0.3448275923728943 14.327586206896552 17.887953884488937 1041.0 0.0 114.0 60.0
crystm02 60.0 57.0 0.0 58.0 6.55 3.0 1.0 54.0 -56.0 0.0 27.0 1.0 0.95 3.211427644714916E-13 3.162843737945405E-13 5.564952889097351E-14 60.0 0.5 4.125 11.881051089865744 393.0 0.0 60.0 60.0
crystm03 60.0 3.0 0.0 4.0 3.85 2.0 1.0 3.0 -2.0 0.0 30.0 1.0 1.0 1.78354785183579E-13 1.757329556300073E-13 3.04689629528558E-14 60.0 0.5128205418586731 1.4615384615384615 1.4995068222783008 231.0 0.0 57.0 60.0
ct20stif 60.0 11.0 0.0 12.0 8.9 12.0 1.0 2.0 -10.0 0.0 6.0 0.9333333333333333 0.8333333333333334 2.972146187635719E8 2.9601141726854974E8 2.6716482804440107E7 60.0 0.11472275108098984 4.277246653919694 2.9813952215173556 534.0 0.0 463.0 60.0
curtis54 54.0 44.0 44.0 46.0 14.24074074074074 12.0 3.0 27.0 -45.0 0.0 8.0 0.0 0.0 17.05872210923198 16.896745248715803 2.3452078799117086 280.0 0.962199330329895 4.893470790378007 8.87711014447765 957.0 116.0 121.0 54.0
d_ss 53.0 45.0 13.0 50.0 15.452830188679245 6.0 2.0 41.0 -46.0 0.0 15.0 0.018867924528301886 0.018867924528301886 39358.873956990494 27830.6952918516 27831.158055933898 10.0 0.0694444477558136 8.444444444444445 8.64321970758468 813.0 98.0 42.0 4.0
dw1024 60.0 32.0 32.0 34.0 31.883333333333333 4.0 2.0 31.0 -32.0 0.0 15.0 0.5666666666666667 0.5666666666666667 4.599818359637362 4.599818359637356 0.0 232.0 1.0 8.224137931034482 13.417748286669541 1914.0 86.0 86.0 60.0
dw256A 60.0 16.0 16.0 33.0 24.95 5.0 3.0 15.0 -16.0 0.0 15.0 0.38333333333333336 0.38333333333333336 4.38144054179638 4.381440541796379 0.0 260.0 1.0 5.846153846153846 7.2731979406601965 1498.0 100.0 100.0 60.0
dw256B 60.0 16.0 16.0 33.0 24.95 5.0 3.0 15.0 -16.0 0.0 15.0 1.0 1.0 5.616610645005909 5.616610645005907 0.0 260.0 1.0 5.846153846153846 7.2731979406601965 1498.0 100.0 100.0 60.0
dw4096 60.0 1.0 1.0 3.0 2.966666666666667 3.0 2.0 1.0 -1.0 0.0 20.0 0.1 0.1 145.07656664977273 145.07656664977273 0.0 178.0 1.0 0.6629213483146067 0.47271199928005886 178.0 59.0 59.0 60.0
dwt_1005 60.0 8.0 0.0 9.0 8.033333333333333 5.0 1.0 6.0 -7.0 0.0 12.0 0.11666666666666667 0.1 15.968719422671311 12.549900398011133 9.874208829065749 60.0 0.23529411852359772 4.149019607843138 3.3103149870278217 482.0 0.0 195.0 60.0
dwt_1007 60.0 27.0 0.0 28.0 16.566666666666666 5.0 1.0 25.0 -26.0 0.0 13.0 0.43333333333333335 0.43333333333333335 14.38749456993816 11.554220008291344 8.573214099741124 60.0 0.28985506296157837 12.053140096618357 12.717748915699996 994.0 0.0 147.0 60.0
dwt_1242 60.0 35.0 0.0 36.0 16.466666666666665 6.0 1.0 10.0 -22.0 0.0 12.0 0.2 0.38333333333333336 15.066519173319364 11.979148550710939 9.137833441248533 60.0 0.26431718468666077 8.929515418502202 9.59370026565387 988.0 0.0 167.0 60.0
dwt_162 60.0 12.0 0.0 13.0 10.716666666666667 5.0 1.0 10.0 -11.0 0.0 12.0 0.18333333333333332 0.15 15.84297951775486 12.469963913339926 9.772410142846033 60.0 0.23904383182525635 6.135458167330677 5.2276442716313545 643.0 0.0 191.0 60.0
dwt_193 60.0 49.0 0.0 50.0 20.583333333333332 14.0 1.0 31.0 -47.0 0.0 5.0 0.15 0.25 19.390719429665317 14.764823060233402 12.569805089976535 60.0 0.1595744639635086 17.295212765957448 17.25884227452288 1235.0 0.0 316.0 60.0
dwt_198 60.0 34.0 0.0 35.0 16.7 5.0 1.0 32.0 -33.0 0.0 12.0 0.5833333333333334 0.5666666666666667 13.416407864998739 10.954451150103322 7.745966692414835 60.0 0.3333333432674408 13.3 15.912922770852344 1002.0 0.0 120.0 60.0
dwt_209 60.0 43.0 0.0 44.0 13.483333333333333 6.0 1.0 22.0 -42.0 0.0 10.0 0.35 0.35 14.933184523068078 11.895377253370318 9.027735042633894 60.0 0.2690582871437073 8.27354260089686 9.648140205400878 809.0 0.0 163.0 60.0
dwt_221 60.0 33.0 0.0 34.0 8.766666666666667 7.0 1.0 6.0 -13.0 0.0 14.0 0.31666666666666665 0.26666666666666666 14.38749456993816 11.554220008291344 8.573214099741124 60.0 0.28985506296157837 4.705314009661835 5.873474374669583 526.0 0.0 147.0 60.0
dwt_234 60.0 28.0 0.0 29.0 9.85 5.0 1.0 26.0 -27.0 0.0 21.0 0.8166666666666667 0.8 11.661903789690601 9.899494936611665 6.164414002968976 60.0 0.44117647409439087 4.477941176470588 7.153739161902661 591.0 0.0 76.0 60.0
dwt_245 60.0 27.0 0.0 28.0 10.683333333333334 10.0 1.0 19.0 -24.0 0.0 12.0 0.2 0.2 15.231546211727817 12.083045973594572 9.273618495495704 60.0 0.2586206793785095 5.737068965517241 8.107298012544586 641.0 0.0 172.0 60.0
dwt_2680 60.0 47.0 0.0 48.0 9.383333333333333 6.0 1.0 24.0 -46.0 0.0 16.0 0.45 0.4166666666666667 13.674794331177344 11.113055385446435 7.968688725254614 60.0 0.32085561752319336 5.529411764705882 8.71859167701125 563.0 0.0 127.0 60.0
dwt_307 60.0 28.0 0.0 29.0 14.216666666666667 5.0 1.0 10.0 -22.0 0.0 11.0 0.1 0.35 15.0996688705415 12.0 9.16515138991168 60.0 0.2631579041481018 6.881578947368421 7.278242820870758 853.0 0.0 168.0 60.0
dwt_310 60.0 10.0 0.0 11.0 9.2 5.0 1.0 7.0 -8.0 0.0 14.0 0.08333333333333333 0.15 15.652475842498529 12.349089035228468 9.617692030835673 60.0 0.2448979616165161 4.702040816326531 4.099402136395627 552.0 0.0 185.0 60.0
dwt_346 60.0 36.0 0.0 37.0 16.666666666666668 9.0 1.0 12.0 -20.0 0.0 7.0 0.11666666666666667 0.2 17.26267650163207 13.379088160259652 10.908712114635714 60.0 0.20134228467941284 8.818791946308725 9.431529081887277 1000.0 0.0 238.0 60.0
dwt_361 60.0 14.0 0.0 15.0 12.1 5.0 1.0 12.0 -13.0 0.0 12.0 0.21666666666666667 0.2 15.7797338380595 12.429802894656053 9.721111047611789 60.0 0.2409638613462448 7.21285140562249 6.276020173556133 726.0 0.0 189.0 60.0
dwt_419 60.0 25.0 0.0 26.0 7.633333333333334 6.0 1.0 23.0 -24.0 0.0 12.0 0.31666666666666665 0.4166666666666667 13.892443989449804 11.247221879201993 8.154753215150045 60.0 0.3108808398246765 3.9689119170984455 5.024197134584163 458.0 0.0 133.0 60.0
dwt_492 60.0 26.0 0.0 27.0 11.333333333333334 7.0 1.0 24.0 -25.0 0.0 14.0 0.43333333333333335 0.5 14.106735979665885 11.379806676741042 8.336666000266533 60.0 0.30150753259658813 7.7537688442211055 10.558031707402032 680.0 0.0 139.0 60.0
dwt_503 60.0 13.0 0.0 14.0 9.233333333333333 6.0 1.0 11.0 -12.0 0.0 13.0 0.23333333333333334 0.15 15.7797338380595 12.429802894656053 9.721111047611789 60.0 0.2409638613462448 5.27710843373494 4.766802670879257 554.0 0.0 189.0 60.0
dwt_512 60.0 30.0 0.0 31.0 13.95 8.0 1.0 23.0 -29.0 0.0 11.0 0.23333333333333334 0.11666666666666667 16.64331697709324 12.98075498574717 10.41633332799983 60.0 0.2166064977645874 7.805054151624549 9.721663056200567 837.0 0.0 217.0 60.0
dwt_59 59.0 25.0 0.0 26.0 7.864406779661017 5.0 1.0 18.0 -18.0 0.0 19.0 0.423728813559322 0.4067796610169492 12.767145334803704 10.535653752852738 7.211102550927977 59.0 0.3619631826877594 3.607361963190184 5.1247451923154745 464.0 0.0 104.0 59.0
dwt_592 60.0 38.0 0.0 39.0 16.15 5.0 1.0 36.0 -37.0 0.0 12.0 0.6166666666666667 0.6 13.638181696985855 11.090536506409416 7.937253933193771 60.0 0.32258063554763794 13.833333333333334 17.586626354230013 969.0 0.0 126.0 60.0
dwt_607 60.0 34.0 0.0 35.0 13.5 7.0 1.0 31.0 -33.0 0.0 14.0 0.5666666666666667 0.4166666666666667 13.92838827718412 11.269427669584644 8.18535277187245 60.0 0.30927833914756775 11.257731958762887 13.779394709758808 810.0 0.0 134.0 60.0
dwt_66 60.0 30.0 0.0 31.0 8.316666666666666 4.0 1.0 16.0 -17.0 0.0 20.0 0.5166666666666667 0.5166666666666667 12.922847983320086 10.653637876331258 7.314369419163897 60.0 0.359281450510025 4.580838323353293 6.368268399728957 499.0 0.0 107.0 60.0
dwt_72 60.0 12.0 0.0 13.0 3.2333333333333334 3.0 1.0 12.0 -11.0 0.0 29.0 0.9 0.9333333333333333 11.0 9.513148795220223 5.522680508593631 60.0 0.4958677589893341 1.1570247933884297 2.3636652601828385 194.0 0.0 61.0 60.0
dwt_758 60.0 46.0 0.0 47.0 4.733333333333333 5.0 1.0 44.0 -45.0 0.0 15.0 0.75 0.75 12.206555615733702 10.222524150130436 6.670832032063166 60.0 0.4026845693588257 3.040268456375839 9.385036780118273 284.0 0.0 89.0 60.0
dwt_869 60.0 10.0 0.0 11.0 8.316666666666666 5.0 1.0 8.0 -9.0 0.0 12.0 0.15 0.15 15.84297951775486 12.469963913339926 9.772410142846033 60.0 0.23904383182525635 4.426294820717131 3.7878956168191054 499.0 0.0 191.0 60.0
dwt_87 60.0 59.0 0.0 60.0 15.2 5.0 1.0 40.0 -58.0 0.0 12.0 0.4166666666666667 0.4166666666666667 13.601470508735444 11.067971810589329 7.905694150420949 60.0 0.3243243098258972 7.702702702702703 12.680405963457984 912.0 0.0 125.0 60.0
dwt_878 60.0 22.0 0.0 23.0 15.6 5.0 1.0 20.0 -21.0 0.0 12.0 0.35 0.3333333333333333 15.198684153570664 12.062338081814818 9.246621004453464 60.0 0.25974026322364807 10.606060606060606 10.273142286882996 936.0 0.0 171.0 60.0
dwt_918 60.0 31.0 0.0 32.0 12.733333333333333 7.0 1.0 29.0 -30.0 0.0 13.0 0.21666666666666667 0.16666666666666666 15.297058540778355 12.12435565298214 9.327379053088816 60.0 0.25641027092933655 8.393162393162394 10.56033318640168 764.0 0.0 174.0 60.0
dwt_992 60.0 17.0 0.0 18.0 13.666666666666666 5.0 1.0 15.0 -16.0 0.0 12.0 0.26666666666666666 0.25 15.588457268119896 12.30853362509117 9.565563234854496 60.0 0.2469135820865631 8.588477366255145 7.776414625684366 820.0 0.0 183.0 60.0
epb0 60.0 0.0 0.0 1.0 1.0 1.0 1.0 1.0 -59.0 0.0 1.0 1.0 1.0 0.3684973063140563 0.3684973063140563 0.0 60.0 1.0 0.0 0.0 60.0 0.0 0.0 60.0
epb1 60.0 2.0 2.0 5.0 3.933333333333333 5.0 2.0 1.0 -2.0 0.0 15.0 0.5 0.9666666666666667 1.0078173791969336 0.9929422678732047 0.17251528188016596 236.0 1.0 0.9915254237288136 0.7070559960547845 236.0 88.0 88.0 60.0
epb2 60.0 2.0 2.0 5.0 3.933333333333333 5.0 2.0 1.0 -2.0 0.0 15.0 0.5 1.0 7.650767888776166 7.464114355879159 1.6796565631959228 236.0 1.0 0.9915254237288136 0.7070559960547845 236.0 88.0 88.0 60.0
epb3 60.0 2.0 2.0 5.0 3.933333333333333 5.0 2.0 1.0 -2.0 0.0 15.0 0.5 1.0 2.0422583547860933 1.963868016551426 0.5603941481314434 236.0 1.0 0.9915254237288136 0.7070559960547845 236.0 88.0 88.0 60.0
eris1176 60.0 50.0 0.0 51.0 22.483333333333334 51.0 1.0 6.0 -49.0 0.0 2.0 0.18333333333333332 0.13333333333333333 36.66060555964672 26.49528259898354 25.337718918639855 60.0 0.0446428582072258 16.458333333333332 12.185864257343962 1349.0 0.0 1284.0 60.0
ex1 60.0 44.0 44.0 55.0 39.06666666666667 32.0 6.0 16.0 -37.0 0.0 5.0 0.55 0.55 0.3347643968195445 0.33476439681954473 0.0 880.0 1.0 14.965909090909092 12.896836172661226 2082.0 415.0 415.0 50.0
ex10 60.0 59.0 0.0 60.0 11.766666666666667 12.0 1.0 50.0 -58.0 0.0 8.0 0.7833333333333333 0.7833333333333333 5.386333955500259E7 5.076043769165313E7 1.8017694452101987E7 60.0 0.25 9.120833333333334 16.84333397239262 706.0 0.0 180.0 60.0
ex10hs 60.0 58.0 0.0 59.0 9.266666666666667 14.0 1.0 50.0 -57.0 0.0 8.0 0.7833333333333333 0.8 5.420679251699183E7 5.110897823900823E7 1.8062355835958518E7 60.0 0.25 8.1125 15.850073935158786 556.0 0.0 180.0 60.0
ex11 60.0 30.0 30.0 53.0 37.8 24.0 6.0 14.0 -24.0 0.0 5.0 0.0 0.0 4.759471034617812E8 4.759471034617808E8 0.0 936.0 1.0 13.905982905982906 10.71561916640218 2330.0 438.0 438.0 60.0
ex12 60.0 26.0 0.0 24.0 8.5 10.0 1.0 20.0 -25.0 0.0 6.0 0.6333333333333333 0.7 349.5576909249937 332.4454775338855 108.03047603375774 39.0 0.1117478534579277 8.475644699140402 7.897814971109881 801.0 0.0 310.0 39.0
ex13 60.0 13.0 0.0 14.0 7.833333333333333 14.0 1.0 3.0 -12.0 0.0 7.0 0.3 0.26666666666666666 3.599733888856538E9 3.3585723184995584E9 1.2954057480151584E9 60.0 0.12765957415103912 4.302127659574468 3.3874291614923244 470.0 0.0 410.0 60.0
ex14 60.0 26.0 0.0 24.0 8.283333333333333 9.0 1.0 20.0 -25.0 0.0 8.0 0.65 0.8166666666666667 2.0356409843190826E7 2.0240058211806342E7 2173353.465648643 39.0 0.12745098769664764 9.022875816993464 8.074983532487117 785.0 0.0 267.0 39.0
ex15 60.0 4.0 0.0 5.0 4.1 4.0 1.0 3.0 -3.0 0.0 21.0 1.0 1.0 8.684837579784445E8 8.311201619999241E8 2.5199863926136845E8 60.0 0.3680981695652008 1.687116564417178 1.4841554678235043 246.0 0.0 103.0 60.0
ex18 60.0 33.0 33.0 38.0 7.133333333333334 6.0 1.0 2.0 -5.0 0.0 11.0 0.9833333333333333 0.95 5.587135799967398E7 5.587135799967395E7 1.802810462212975 214.0 0.9861751198768616 2.0414746543778803 4.423766316666466 429.0 79.0 78.0 60.0
ex19 60.0 34.0 34.0 39.0 10.666666666666666 10.0 1.0 1.0 -9.0 0.0 8.0 0.7833333333333333 0.7666666666666667 3846889.4856076506 3846889.4856075207 1.0009760861279353 306.0 0.9935064911842346 3.3766233766233764 6.503323747688235 580.0 123.0 125.0 60.0
ex2 60.0 30.0 0.0 31.0 15.2 31.0 1.0 5.0 -20.0 0.0 3.0 0.13333333333333333 0.08333333333333333 4.364388688867074E7 4.014134550992852E7 1.7130710534114685E7 60.0 0.06578947603702545 9.452850877192983 7.265332591283957 912.0 0.0 852.0 60.0
ex20 60.0 35.0 27.0 36.0 20.866666666666667 17.0 2.0 24.0 -28.0 0.0 7.0 0.5833333333333334 0.5833333333333334 0.4049474052017942 0.2875309578861894 0.2851461892375825 520.0 0.9848484992980957 10.878787878787879 9.994339536617021 1664.0 244.0 248.0 36.0
ex21 60.0 59.0 59.0 60.0 32.65 20.0 4.0 29.0 -59.0 0.0 4.0 0.5666666666666667 0.5666666666666667 1.2534495597313269 1.2534495597307305 1.2230548123804425E-6 628.0 1.0 16.401273885350317 16.500669692107767 2026.0 296.0 296.0 36.0
ex22 60.0 43.0 43.0 56.0 37.81666666666667 44.0 6.0 11.0 -29.0 0.0 3.0 0.11666666666666667 0.1 5.872219750599015 5.868951074088816 0.19590326510010367 1152.0 0.9991326928138733 15.607111882046834 11.473451450612577 2572.0 555.0 556.0 42.0
ex23 60.0 59.0 59.0 60.0 32.61666666666667 20.0 3.0 29.0 -59.0 0.0 4.0 0.23333333333333334 0.23333333333333334 678072.89615504 678072.8961550074 0.21202735995777108 618.0 0.9983844757080078 16.32956381260097 16.516050302064915 2026.0 291.0 292.0 36.0
ex24 60.0 46.0 46.0 60.0 47.25 27.0 6.0 16.0 -48.0 0.0 3.0 0.06666666666666667 0.06666666666666667 200.75750122055047 200.7569386331181 0.47527568611940696 975.0 1.0 17.934358974358975 12.767980744087689 2838.0 464.0 464.0 47.0
ex25 60.0 49.0 49.0 52.0 37.85 21.0 2.0 15.0 -34.0 0.0 4.0 0.4 0.4 0.022568653410481483 0.022290047106474253 0.0035352392781247805 730.0 1.0 15.312328767123288 15.558497173662717 2998.0 344.0 344.0 42.0
ex26 60.0 56.0 56.0 58.0 23.216666666666665 18.0 3.0 52.0 -56.0 0.0 12.0 0.5 0.5 106.72348368753832 106.7234836875383 1.6518123698891422E-6 382.0 0.7609561681747437 14.741035856573705 15.68783721158531 1813.0 257.0 193.0 52.0
ex28 60.0 27.0 27.0 34.0 17.133333333333333 16.0 4.0 21.0 -29.0 0.0 6.0 0.13333333333333333 0.13333333333333333 120.9012228205927 120.90122001279663 0.026056322475539084 505.0 1.0 11.089108910891088 10.007619878952433 1422.0 236.0 236.0 33.0
ex29 60.0 1.0 1.0 3.0 1.5666666666666667 3.0 1.0 1.0 -1.0 0.0 6.0 1.0 1.0 6.489372229472539 6.489368837658182 0.006634868521125129 94.0 1.0 0.3617021276595745 0.48049318258026463 94.0 17.0 17.0 60.0
ex3 60.0 28.0 0.0 29.0 5.733333333333333 10.0 1.0 21.0 -27.0 0.0 7.0 0.65 0.6333333333333333 2.109269912384954E7 2.0029307777213253E7 6612774.477850268 60.0 0.1986754983663559 3.271523178807947 4.811594405837219 344.0 0.0 242.0 60.0
ex32 60.0 50.0 0.0 51.0 13.583333333333334 8.0 1.0 27.0 -47.0 0.0 7.0 0.7333333333333333 0.95 29.750117368053857 28.56773451157148 8.303856230050442 44.0 0.21782177686691284 17.52970297029703 16.68406511089682 1183.0 0.0 158.0 44.0
ex33 60.0 45.0 0.0 46.0 12.966666666666667 5.0 1.0 43.0 -44.0 0.0 12.0 1.0 0.8 7.019111297127497E9 6.705725575971722E9 2.0739257222045288E9 60.0 0.3973509967327118 12.033112582781458 18.94551868889576 778.0 0.0 91.0 60.0
ex35 60.0 33.0 33.0 39.0 7.2 6.0 1.0 33.0 -32.0 0.0 12.0 0.9 0.8833333333333333 6005665.463034394 6005665.463034145 1.7331854871187535 250.0 0.9881423115730286 2.0711462450592886 3.202469012657482 439.0 97.0 96.0 60.0
ex37 60.0 8.0 8.0 17.0 3.2666666666666666 5.0 1.0 7.0 -8.0 0.0 11.0 1.0 1.0 278.28843431639035 278.2884343163892 2.4490870849810562E-5 94.0 1.0 1.872340425531915 3.1122067239534554 166.0 17.0 17.0 60.0
ex40 60.0 39.0 39.0 59.0 40.06666666666667 27.0 5.0 18.0 -37.0 0.0 4.0 0.6166666666666667 0.6166666666666667 7.969842327855597 7.969842327855598 4.110370812319019E-15 921.0 1.0 15.70901194353963 12.663095181998287 2656.0 436.0 436.0 49.0
ex5 27.0 20.0 0.0 21.0 11.222222222222221 13.0 1.0 8.0 -19.0 0.0 3.0 0.5185185185185185 0.5185185185185185 7824476.595775503 7110691.216182769 3265042.79082829 27.0 0.1764705926179886 7.568627450980392 6.508681689235958 303.0 0.0 126.0 27.0
ex9 60.0 58.0 0.0 59.0 7.8 10.0 1.0 51.0 -57.0 0.0 7.0 0.6666666666666666 0.5 2.5387610815477632E7 2.4545458228900947E7 6484694.538020705 60.0 0.16393442451953888 4.797814207650274 9.506833643895023 468.0 0.0 306.0 60.0
fs_183_1 60.0 59.0 59.0 60.0 21.833333333333332 14.0 1.0 51.0 -59.0 0.0 8.0 0.8666666666666667 0.8333333333333334 24.66125993702549 20.67725462488566 13.439824509984582 114.0 0.7169811129570007 18.245283018867923 21.151064020437126 1627.0 40.0 59.0 60.0
fs_183_3 60.0 59.0 59.0 60.0 23.266666666666666 16.0 1.0 51.0 -59.0 0.0 8.0 0.8666666666666667 0.8166666666666667 22.798751548029735 19.181159231877682 12.323400613067065 118.0 0.621052622795105 18.794736842105262 19.800982795497557 1816.0 57.0 73.0 60.0
fs_183_4 60.0 59.0 59.0 60.0 23.266666666666666 16.0 1.0 51.0 -59.0 0.0 8.0 0.9 0.8666666666666667 18.19227385175242 15.58416217797655 9.385772057091517 118.0 0.621052622795105 18.794736842105262 19.800982795497557 1816.0 57.0 73.0 60.0
fs_183_6 60.0 59.0 59.0 60.0 21.833333333333332 14.0 1.0 51.0 -59.0 0.0 8.0 0.8833333333333333 0.8666666666666667 22.089732107893596 18.622239019795504 11.88143419323237 114.0 0.7169811129570007 18.245283018867923 21.151064020437126 1627.0 40.0 59.0 60.0
fs_541_1 60.0 54.0 54.0 58.0 16.85 6.0 3.0 51.0 -56.0 0.0 13.0 1.0 1.0 7.746703129918989 7.746702929919626 0.0017603043318591377 260.0 1.0 4.046153846153846 11.05709764287282 1018.0 100.0 100.0 60.0
fs_541_2 60.0 54.0 54.0 58.0 16.85 6.0 3.0 51.0 -56.0 0.0 13.0 0.9333333333333333 1.0 97.7595480761353 86.96135354815114 44.66152963260065 260.0 1.0 4.046153846153846 11.05709764287282 1018.0 100.0 100.0 60.0
fs_541_3 60.0 54.0 54.0 58.0 16.85 6.0 3.0 51.0 -56.0 0.0 13.0 0.9 1.0 2109.7118874275443 1852.2318955077142 1010.0105213397474 260.0 1.0 4.046153846153846 11.05709764287282 1018.0 100.0 100.0 60.0
fs_541_4 60.0 54.0 54.0 58.0 16.85 6.0 3.0 51.0 -56.0 0.0 13.0 0.9 1.0 866.3000860828804 754.0081808194151 426.55304758564586 260.0 1.0 4.046153846153846 11.05709764287282 1018.0 100.0 100.0 60.0
fs_680_1 60.0 40.0 40.0 42.0 28.933333333333334 4.0 1.0 39.0 -40.0 0.0 15.0 0.55 1.0 8.915911007160625E13 8.113775570686511E13 3.6959592903789914E13 214.0 0.9953488111495972 7.976744186046512 15.31603259711713 1737.0 78.0 77.0 60.0
fs_680_2 60.0 40.0 40.0 42.0 28.933333333333334 4.0 1.0 39.0 -40.0 0.0 15.0 0.38333333333333336 1.0 8.913734698487969E13 8.111384083108456E13 3.6959592166747664E13 214.0 0.9953488111495972 7.976744186046512 15.31603259711713 1737.0 78.0 77.0 60.0
fs_680_3 60.0 40.0 40.0 42.0 28.933333333333334 4.0 1.0 39.0 -40.0 0.0 15.0 0.25 1.0 8.913596641585812E13 8.111232369841531E13 3.695959216674992E13 214.0 0.9953488111495972 7.976744186046512 15.31603259711713 1737.0 78.0 77.0 60.0
fs_760_1 60.0 40.0 40.0 41.0 27.666666666666668 3.0 1.0 40.0 -59.0 0.0 26.0 0.6666666666666666 1.0 4.528025579568815E8 3.9219404664200526E8 2.2630507345365378E8 100.0 0.7142857313156128 17.142857142857142 16.659862556700855 2060.0 40.0 40.0 60.0
fs_760_2 60.0 40.0 40.0 41.0 27.666666666666668 3.0 1.0 40.0 -59.0 0.0 26.0 0.3333333333333333 0.6666666666666666 4.5261672905864584E8 3.919794856276078E8 2.2630507345365375E8 100.0 0.7142857313156128 17.142857142857142 16.659862556700855 2060.0 40.0 40.0 60.0
fs_760_3 60.0 40.0 40.0 41.0 27.666666666666668 3.0 1.0 40.0 -59.0 0.0 26.0 0.3333333333333333 0.6666666666666666 4.526166968106891E8 3.9197944839394605E8 2.2630507344864604E8 100.0 0.7142857313156128 17.142857142857142 16.659862556700855 2060.0 40.0 40.0 60.0
garon1 60.0 19.0 19.0 39.0 28.05 7.0 3.0 17.0 -19.0 0.0 12.0 1.0 1.0 56.78427567682009 56.78427567644899 2.0529626971621713E-4 334.0 1.0 9.29940119760479 8.924510399398985 1684.0 137.0 137.0 60.0
garon2 60.0 39.0 39.0 41.0 30.783333333333335 5.0 2.0 37.0 -39.0 0.0 12.0 1.0 1.0 60.523607374970844 60.52360737497089 9.489347422241427E-8 262.0 1.0 13.076335877862595 17.77021193952777 1848.0 101.0 101.0 60.0
gemat1 60.0 51.0 46.0 54.0 20.433333333333334 8.0 1.0 37.0 -45.0 0.0 9.0 0.016666666666666666 0.21666666666666667 693.2977793683408 490.2468261185345 490.22429596846365 11.0 0.0555555559694767 16.54040404040404 11.491142123892594 1230.0 40.0 155.0 3.0
gemat11 60.0 51.0 46.0 54.0 20.433333333333334 8.0 1.0 37.0 -45.0 0.0 9.0 0.016666666666666666 0.21666666666666667 693.2977793683408 490.2468261185345 490.22429596846365 11.0 0.0555555559694767 16.54040404040404 11.491142123892594 1230.0 40.0 155.0 3.0
gemat12 60.0 51.0 46.0 54.0 20.433333333333334 8.0 1.0 37.0 -45.0 0.0 9.0 0.016666666666666666 0.21666666666666667 693.2977793683408 490.2468261185345 490.22429596846365 11.0 0.0555555559694767 16.54040404040404 11.491142123892594 1230.0 40.0 155.0 3.0
gent113 60.0 9.0 11.0 12.0 6.85 7.0 1.0 9.0 -11.0 0.0 11.0 0.7 0.7 12.489995996796797 10.954451150103322 6.0 84.0 0.5384615659713745 3.6346153846153846 3.6900533983724717 375.0 57.0 39.0 60.0
goodwin 60.0 51.0 57.0 60.0 38.71666666666667 60.0 1.0 19.0 -51.0 0.0 3.0 0.11666666666666667 0.016666666666666666 525.2894050851996 369.25327002081235 373.60538228684607 937.0 0.6049063801765442 14.618463524854745 13.081349285302064 2880.0 885.0 609.0 55.0
gr_30_30 60.0 31.0 0.0 32.0 16.966666666666665 5.0 1.0 29.0 -30.0 0.0 12.0 1.0 1.0 63.13477647065839 62.55397669213365 8.54400374531753 60.0 0.291262149810791 13.097087378640778 14.611482758770263 1018.0 0.0 146.0 60.0
graham1 60.0 23.0 23.0 39.0 23.216666666666665 36.0 1.0 6.0 -19.0 0.0 4.0 0.11666666666666667 0.15 23.21325682699078 23.027926869447363 2.9274351591824845 1172.0 0.9257503747940063 8.095576619273302 5.5106843822735145 1536.0 570.0 644.0 52.0
gre_1107 60.0 29.0 52.0 53.0 21.516666666666666 6.0 2.0 15.0 -14.0 0.0 13.0 0.5 0.6166666666666667 3.758959853230746 3.4231427291453262 1.5530206161220146 60.0 0.30000001192092896 9.65 10.780885863415861 1311.0 18.0 122.0 60.0
gre_115 60.0 37.0 59.0 60.0 32.016666666666666 6.0 2.0 22.0 -27.0 0.0 10.0 0.7 0.6833333333333333 4.653656575772674 4.4764961402780905 1.2718104541588007 102.0 0.5483871102333069 13.774193548387096 13.377986276818866 2057.0 39.0 87.0 60.0
gre_185 60.0 23.0 39.0 52.0 28.233333333333334 6.0 1.0 13.0 -23.0 0.0 11.0 0.16666666666666666 0.13333333333333333 3.8601838280061203 3.6297503474757042 1.3137471602252844 161.0 0.6075471639633179 12.637735849056604 9.213038881913938 2019.0 90.0 130.0 45.0
gre_216a 60.0 11.0 27.0 36.0 17.4 4.0 2.0 17.0 -18.0 0.0 18.0 0.2833333333333333 0.36666666666666664 4.00780488547035 3.381937314617171 2.150581316760657 48.0 0.2448979616165161 7.158163265306122 6.703675864463723 1100.0 33.0 115.0 48.0
gre_216b 60.0 11.0 27.0 36.0 17.4 4.0 2.0 17.0 -18.0 0.0 18.0 0.21666666666666667 0.16666666666666666 6.873512958547181 5.102036116615065 4.605910100737045 48.0 0.2448979616165161 7.158163265306122 6.703675864463723 1100.0 33.0 115.0 48.0
gre_343 60.0 11.0 26.0 35.0 16.833333333333332 4.0 2.0 18.0 -18.0 0.0 17.0 0.3 0.38333333333333336 4.0 3.395769426801531 2.1139418156609704 49.0 0.2552083432674408 7.1875 6.720324427932528 1071.0 30.0 113.0 49.0
gre_512 60.0 12.0 28.0 37.0 17.9 4.0 2.0 18.0 -18.0 0.0 17.0 0.3 0.38333333333333336 4.00780488547035 3.400367627183861 2.121320343559643 49.0 0.25388601422309875 7.601036269430052 7.2320099445494925 1141.0 31.0 113.0 49.0
hor_131 60.0 21.0 21.0 36.0 22.783333333333335 6.0 3.0 21.0 -34.0 0.0 15.0 0.7 0.7 0.2690582870206219 0.24986168832624966 0.09980730695308541 272.0 1.0 5.492647058823529 7.007345225599108 1366.0 106.0 106.0 60.0
ibm32 32.0 26.0 26.0 31.0 19.71875 8.0 2.0 20.0 -26.0 0.0 6.0 0.125 0.125 11.224972160321824 9.1104335791443 6.557438524302 40.0 0.3174603283405304 7.341269841269841 7.512067221681307 687.0 49.0 45.0 32.0
illc1033 60.0 35.0 0.0 1.0 1.0 1.0 1.0 23.0 -59.0 0.0 9.0 0.016666666666666666 0.36666666666666664 3.7511756087362182 2.6558456970699633 2.6491134518801753 1.0 0.01666666753590107 12.733333333333333 7.304945052649075 1457.0 0.0 59.0 1.0
illc1850 60.0 45.0 0.0 1.0 1.0 1.0 1.0 23.0 -59.0 0.0 14.0 0.03333333333333333 0.75 3.166878728231882 2.2755267473975844 2.202521033090434 2.0 0.03333333507180214 22.583333333333332 13.368235568773548 2790.0 0.0 58.0 2.0
impcol_a 60.0 59.0 15.0 54.0 13.133333333333333 8.0 0.0 20.0 -20.0 9.0 15.0 0.21666666666666667 0.1 1362.5483718007638 1047.203481043563 871.724116212897 15.0 0.11538461595773697 5.7153846153846155 4.1791324373599466 843.0 72.0 53.0 5.0
impcol_b 59.0 43.0 20.0 53.0 18.152542372881356 7.0 1.0 43.0 -47.0 0.0 17.0 0.0847457627118644 0.1694915254237288 13.890431019719657 10.721655459330025 8.83120479464771 45.0 0.16605165600776672 9.254612546125461 8.019218551597953 1196.0 145.0 109.0 17.0
impcol_c 60.0 24.0 22.0 37.0 16.15 8.0 1.0 16.0 -23.0 0.0 13.0 0.1 0.1 129.2912607255417 91.48969914695316 91.35570617098858 24.0 0.1548387110233307 7.825806451612904 6.745271593180279 943.0 62.0 77.0 16.0
impcol_d 60.0 31.0 8.0 38.0 15.366666666666667 10.0 1.0 18.0 -37.0 0.0 13.0 0.03333333333333333 0.05 42.72860943208894 30.364321695042026 30.062302506627795 11.0 0.07006369531154633 7.929936305732484 6.884964371065947 899.0 63.0 89.0 5.0
impcol_e 60.0 28.0 19.0 39.0 17.116666666666667 12.0 0.0 32.0 -32.0 3.0 14.0 0.05 0.05 5004.321683270597 3538.596650506868 3538.5829444388937 116.0 0.37785017490386963 7.09771986970684 6.606449421141459 1057.0 167.0 118.0 22.0
jagmesh1 60.0 40.0 0.0 41.0 11.05 6.0 1.0 38.0 -39.0 0.0 16.0 0.55 0.43333333333333335 13.341664064126334 10.908712114635714 7.681145747868608 60.0 0.33707866072654724 7.247191011235955 12.01523461677294 663.0 0.0 118.0 60.0
jagmesh2 60.0 30.0 0.0 31.0 8.333333333333334 7.0 1.0 28.0 -29.0 0.0 16.0 0.5833333333333334 0.38333333333333336 13.527749258468683 11.022703842524301 7.842193570679061 60.0 0.32786884903907776 5.46448087431694 8.896956907664972 500.0 0.0 123.0 60.0
jagmesh3 60.0 47.0 0.0 48.0 11.983333333333333 5.0 1.0 46.0 -46.0 0.0 16.0 0.75 0.7166666666666667 12.165525060596439 10.198039027185569 6.633249580710799 60.0 0.4054054021835327 8.608108108108109 17.50082435708392 719.0 0.0 88.0 60.0
jagmesh4 60.0 55.0 0.0 56.0 12.2 7.0 1.0 35.0 -54.0 0.0 15.0 0.4666666666666667 0.25 14.177446878757825 11.423659658795863 8.396427811873332 60.0 0.2985074520111084 7.54726368159204 11.980456929264193 732.0 0.0 141.0 60.0
jagmesh5 60.0 38.0 0.0 39.0 11.9 7.0 1.0 35.0 -37.0 0.0 16.0 0.4666666666666667 0.23333333333333334 14.177446878757825 11.423659658795863 8.396427811873332 60.0 0.2985074520111084 7.3681592039801 11.397554991994982 714.0 0.0 141.0 60.0
jagmesh6 60.0 44.0 0.0 45.0 9.666666666666666 7.0 1.0 36.0 -36.0 0.0 15.0 0.55 0.35 13.674794331177344 11.113055385446435 7.968688725254614 60.0 0.32085561752319336 6.2032085561497325 10.133936757112025 580.0 0.0 127.0 60.0
jagmesh7 60.0 49.0 0.0 50.0 10.266666666666667 7.0 1.0 31.0 -48.0 0.0 13.0 0.5166666666666667 0.35 13.96424004376894 11.291589790636214 8.215838362577491 60.0 0.3076923191547394 6.2 10.402958159174652 616.0 0.0 135.0 60.0
jagmesh8 60.0 53.0 0.0 54.0 10.15 7.0 1.0 31.0 -52.0 0.0 13.0 0.5166666666666667 0.3333333333333333 13.96424004376894 11.291589790636214 8.215838362577491 60.0 0.3076923191547394 6.107692307692307 10.330124843870024 609.0 0.0 135.0 60.0
jagmesh9 60.0 56.0 0.0 57.0 5.683333333333334 5.0 1.0 55.0 -55.0 0.0 25.0 0.9 0.8666666666666667 11.40175425099138 9.746794344808963 5.916079783099616 60.0 0.4615384638309479 3.9153846153846152 13.220633416330477 341.0 0.0 70.0 60.0
jgl009 9.0 8.0 8.0 9.0 7.555555555555555 9.0 3.0 2.0 -7.0 0.0 1.0 0.0 0.1111111111111111 7.0710678118654755 6.244997998398398 3.3166247903554003 28.0 0.5600000023841858 2.92 2.4069898213328615 62.0 11.0 31.0 8.0
jgl011 11.0 10.0 10.0 11.0 9.0 11.0 4.0 8.0 -9.0 0.0 1.0 0.0 0.0 8.717797887081348 7.745966692414834 4.000000000000001 44.0 0.5789473652839661 3.6315789473684212 2.932764571737901 88.0 18.0 48.0 10.0
jpwh_991 60.0 0.0 0.0 1.0 1.0 1.0 1.0 1.0 -59.0 0.0 1.0 1.0 1.0 7.745966692414834 7.745966692414834 0.0 60.0 1.0 0.0 0.0 60.0 0.0 0.0 60.0
lns_131 60.0 57.0 25.0 59.0 13.35 8.0 1.0 57.0 -56.0 0.0 13.0 0.6666666666666666 0.6333333333333333 10.489023835787199 5.992107054050654 8.608964750799498 144.0 0.8089887499809265 7.668539325842697 14.427159901042595 818.0 55.0 63.0 60.0
lns_3937 60.0 16.0 16.0 33.0 18.283333333333335 5.0 1.0 16.0 -16.0 0.0 22.0 1.0 0.5833333333333334 1066106.6116928651 1025579.1935067094 291153.9547067292 182.0 0.9054726362228394 5.477611940298507 7.203560912462587 1099.0 63.0 78.0 60.0
lns_511 60.0 10.0 10.0 21.0 13.133333333333333 5.0 1.0 10.0 -19.0 0.0 19.0 1.0 0.55 149.63464724549937 133.284993470379 68.01204431485687 194.0 0.9150943160057068 3.7735849056603774 4.483266621703599 792.0 72.0 80.0 60.0
lnsp3937 60.0 9.0 0.0 8.0 2.2666666666666666 3.0 1.0 8.0 -8.0 0.0 17.0 0.8166666666666667 0.6166666666666667 2.4383511630513812E11 1.7241746423077365E11 1.7241746423077365E11 49.0 0.5975610017776489 2.0 3.05638077055758 147.0 0.0 33.0 49.0
lnsp_131 60.0 32.0 25.0 57.0 17.983333333333334 11.0 1.0 25.0 -31.0 0.0 19.0 0.5666666666666667 0.3333333333333333 1.2422132047787508E10 8.783773809847525E9 8.783773805723038E9 153.0 0.75 8.259803921568627 10.014017232760487 895.0 56.0 97.0 51.0
lnsp_511 60.0 56.0 50.0 59.0 9.216666666666667 9.0 1.0 50.0 -55.0 0.0 17.0 0.8333333333333334 0.55 5.182602974475524E10 3.664653707449339E10 3.6646537074490906E10 70.0 0.6481481194496155 7.055555555555555 14.841653929330946 465.0 11.0 47.0 50.0
lop163 60.0 36.0 16.0 37.0 22.3 6.0 3.0 22.0 -36.0 0.0 10.0 0.6166666666666667 0.6 5.27463655895632 5.0266629320526945 1.5982648706037428 202.0 0.6372239589691162 8.444794952681388 6.082576842612321 1424.0 75.0 182.0 60.0
lpi_box1 60.0 59.0 17.0 60.0 17.25 2.0 0.0 3.0 -1.0 15.0 30.0 0.2833333333333333 0.03333333333333333 9.486832980505138 6.928203230275509 6.48074069840786 6.0 0.06666667014360428 8.066666666666666 4.501357819838612 990.0 86.0 2.0 2.0
lshp1009 60.0 30.0 0.0 31.0 8.333333333333334 7.0 1.0 28.0 -29.0 0.0 16.0 0.5833333333333334 0.38333333333333336 13.527749258468683 11.022703842524301 7.842193570679061 60.0 0.32786884903907776 5.46448087431694 8.896956907664972 500.0 0.0 123.0 60.0
lshp1270 60.0 38.0 0.0 39.0 11.283333333333333 7.0 1.0 35.0 -37.0 0.0 16.0 0.48333333333333334 0.25 14.106735979665885 11.379806676741042 8.336666000266533 60.0 0.30150753259658813 7.075376884422111 11.07214108811135 677.0 0.0 139.0 60.0
lshp1561 60.0 44.0 0.0 45.0 11.483333333333333 6.0 1.0 39.0 -43.0 0.0 16.0 0.45 0.26666666666666666 14.071247279470288 11.357816691600547 8.306623862918075 60.0 0.3030303120613098 6.944444444444445 11.03767398112393 689.0 0.0 138.0 60.0
lshp1882 60.0 42.0 0.0 43.0 11.016666666666667 6.0 1.0 40.0 -41.0 0.0 16.0 0.5 0.35 13.674794331177344 11.113055385446435 7.968688725254614 60.0 0.32085561752319336 6.973262032085562 11.175045325288327 661.0 0.0 127.0 60.0
lshp2233 60.0 40.0 0.0 41.0 11.05 6.0 1.0 38.0 -39.0 0.0 16.0 0.55 0.43333333333333335 13.341664064126334 10.908712114635714 7.681145747868608 60.0 0.33707866072654724 7.247191011235955 12.01523461677294 663.0 0.0 118.0 60.0
lshp2614 60.0 44.0 0.0 45.0 11.683333333333334 6.0 1.0 37.0 -43.0 0.0 16.0 0.6 0.5166666666666667 13.076696830622021 10.747092630102339 7.44983221287567 60.0 0.35087719559669495 7.935672514619883 13.636529114921807 701.0 0.0 111.0 60.0
lshp3025 60.0 41.0 0.0 42.0 11.833333333333334 6.0 1.0 40.0 -40.0 0.0 16.0 0.65 0.5666666666666667 12.767145334803704 10.559356040971437 7.176350047203661 60.0 0.3680981695652008 8.337423312883436 14.905930330068477 710.0 0.0 103.0 60.0
lshp3466 60.0 44.0 0.0 45.0 12.5 6.0 1.0 43.0 -43.0 0.0 15.0 0.7 0.6166666666666667 12.529964086141668 10.41633332799983 6.96419413859206 60.0 0.3821656107902527 9.197452229299364 16.77252814918591 750.0 0.0 97.0 60.0
lshp_265 60.0 31.0 0.0 32.0 6.916666666666667 7.0 1.0 10.0 -10.0 0.0 18.0 0.5 0.3 14.071247279470288 11.357816691600547 8.306623862918075 60.0 0.3030303120613098 3.9494949494949494 5.473302951552145 415.0 0.0 138.0 60.0
lshp_406 60.0 31.0 0.0 32.0 7.35 7.0 1.0 13.0 -13.0 0.0 18.0 0.5333333333333333 0.3 13.92838827718412 11.269427669584644 8.18535277187245 60.0 0.30927833914756775 4.448453608247423 6.449640178600261 441.0 0.0 134.0 60.0
lshp_577 60.0 22.0 0.0 23.0 7.25 7.0 1.0 16.0 -16.0 0.0 16.0 0.55 0.2833333333333333 13.820274961085254 11.20267825120404 8.093207028119323 60.0 0.3141361176967621 4.575916230366492 6.42175997090149 435.0 0.0 131.0 60.0
lshp_778 60.0 23.0 0.0 24.0 7.366666666666666 7.0 1.0 21.0 -22.0 0.0 16.0 0.6 0.4 13.341664064126334 10.908712114635714 7.681145747868608 60.0 0.33707866072654724 4.735955056179775 7.478279366947649 442.0 0.0 118.0 60.0
lund_a 60.0 23.0 0.0 24.0 17.766666666666666 12.0 1.0 18.0 -20.0 0.0 8.0 0.7 0.75 8.790039869188939E8 8.693340792449453E8 1.3002410423707654E8 60.0 0.13015183806419373 9.629067245119305 8.67809100869143 1066.0 0.0 401.0 60.0
lund_b 60.0 23.0 0.0 24.0 17.766666666666666 12.0 1.0 18.0 -20.0 0.0 8.0 0.55 0.43333333333333335 17237.148864479783 16757.848956977945 4036.5578543295874 60.0 0.1304347813129425 9.641304347826088 8.683544559957271 1066.0 0.0 400.0 60.0
mahindas 60.0 52.0 52.0 53.0 7.933333333333334 2.0 1.0 52.0 -51.0 0.0 9.0 0.8666666666666667 0.8666666666666667 8.246211251235321 7.211102550927978 4.0 68.0 1.0 12.235294117647058 22.057490155779696 892.0 8.0 8.0 52.0
mcca 60.0 18.0 24.0 35.0 8.716666666666667 20.0 4.0 3.0 -6.0 0.0 11.0 0.5833333333333334 0.4666666666666667 3.703385161320296E10 3.3073313628476166E10 1.6663195700140722E10 292.0 0.7506426572799683 4.030848329048843 4.581630310089699 615.0 167.0 162.0 60.0
mcfe 60.0 16.0 16.0 17.0 15.8 17.0 9.0 1.0 -16.0 0.0 3.0 0.5333333333333333 0.8833333333333333 2.0443519866477746E8 1.5392548438878432E8 1.3453882602722958E8 948.0 1.0 5.417721518987341 3.960589378646287 948.0 444.0 444.0 60.0
meg1 60.0 59.0 -1.0 0.0 0.0 0.0 0.0 1.34217424E8 -1.34217363E8 60.0 59.0 1.0 1.0 0.0 0.0 0.0 0.0 NaN NaN NaN 3600.0 0.0 0.0 0.0
mhd1280b 60.0 42.0 0.0 43.0 17.733333333333334 15.0 1.0 29.0 -41.0 0.0 5.0 0.8666666666666667 0.8 102.45947948887 100.07960312091105 21.954907795094602 60.0 0.23346303403377533 13.035019455252918 14.563250591855446 1064.0 0.0 197.0 60.0
mhda416 60.0 29.0 29.0 47.0 29.9 31.0 1.0 11.0 -27.0 0.0 10.0 0.13333333333333333 0.11666666666666667 2642.0652821470458 1867.600871132692 1868.8434769319674 697.0 0.7761692404747009 10.216035634743875 6.988543686521409 2016.0 459.0 414.0 25.0
mhdb416 60.0 18.0 0.0 19.0 12.783333333333333 6.0 1.0 15.0 -17.0 0.0 14.0 0.8666666666666667 0.85 4.968358744911871 4.894553170875974 0.8531927540774167 60.0 0.37037035822868347 6.679012345679013 7.492922027221451 767.0 0.0 102.0 60.0
mplate 60.0 39.0 0.0 40.0 20.933333333333334 10.0 1.0 25.0 -31.0 0.0 6.0 0.6833333333333333 0.23333333333333334 1891370.2428996265 1867896.6497541217 297058.0777617738 60.0 0.1587301641702652 12.338624338624339 14.677904793016168 1256.0 0.0 318.0 60.0
msc00726 60.0 38.0 0.0 39.0 22.916666666666668 21.0 1.0 10.0 -31.0 0.0 3.0 0.9166666666666666 0.7666666666666667 3.4473121060195684E9 3.378465454891654E9 6.855158104761705E8 60.0 0.10657193511724472 13.964476021314388 11.8297041248309 1375.0 0.0 503.0 60.0
msc01440 60.0 4.0 0.0 5.0 3.0 4.0 1.0 1.0 -3.0 0.0 13.0 1.0 0.8 941199.0694272489 941176.8434920346 6468.1964325149875 60.0 0.38461539149284363 1.3076923076923077 1.3234346564680972 180.0 0.0 96.0 60.0
msc04515 60.0 17.0 0.0 18.0 7.216666666666667 8.0 1.0 9.0 -16.0 0.0 11.0 0.7333333333333333 0.75 2.9046956974599285E10 2.7636338154244324E10 8.941952969484997E9 60.0 0.2448979616165161 3.910204081632653 3.832207489693766 433.0 0.0 185.0 60.0
msc10848 60.0 5.0 0.0 6.0 3.2 6.0 1.0 1.0 -4.0 0.0 14.0 0.95 0.6 1.4655494631128086E12 1.4615707058634219E12 1.0791802718795486E11 60.0 0.3125 1.5416666666666667 1.4571423708371414 192.0 0.0 132.0 60.0
nasa1824 60.0 52.0 0.0 53.0 15.566666666666666 7.0 1.0 41.0 -51.0 0.0 7.0 0.85 0.7833333333333333 5025432.5631789565 4942377.8285566075 909875.7315433202 60.0 0.2247191071510315 8.486891385767791 12.58033423393994 934.0 0.0 207.0 60.0
nasa2910 60.0 29.0 0.0 30.0 18.533333333333335 20.0 1.0 12.0 -28.0 0.0 4.0 0.1 0.06666666666666667 24.79919353527449 18.371173070873837 16.658331248957683 60.0 0.09756097197532654 12.2 9.170507694894194 1112.0 0.0 555.0 60.0
nasa4704 60.0 54.0 0.0 55.0 15.116666666666667 10.0 1.0 51.0 -53.0 0.0 9.0 0.38333333333333336 0.25 15.716233645501712 12.389511693363866 9.66953980290686 60.0 0.24291497468948364 9.708502024291498 14.295183660720166 907.0 0.0 187.0 60.0
nnc1374 60.0 42.0 42.0 43.0 15.166666666666666 10.0 1.0 36.0 -41.0 0.0 12.0 0.11666666666666667 0.11666666666666667 1470.691771715098 1343.038540353485 599.3177508765064 197.0 0.8640350699424744 11.223684210526315 11.753236229447163 1178.0 112.0 81.0 35.0
nnc261 60.0 47.0 47.0 56.0 17.616666666666667 14.0 1.0 39.0 -46.0 0.0 11.0 0.13333333333333333 0.13333333333333333 1573.9374351789647 1437.3712213053516 641.2823262970053 216.0 0.8537549376487732 10.17786561264822 10.025460877192717 1084.0 120.0 95.0 38.0
nnc666 60.0 49.0 49.0 50.0 17.033333333333335 14.0 1.0 41.0 -48.0 0.0 10.0 0.13333333333333333 0.13333333333333333 1562.3639300284678 1426.8465326842618 636.4668271174066 210.0 0.8571428656578064 9.69795918367347 10.009311782819106 1028.0 117.0 90.0 38.0
nopoly 60.0 11.0 0.0 12.0 2.7333333333333334 4.0 1.0 10.0 -10.0 0.0 9.0 1.0 1.0 95.4148835350125 95.16301802696255 6.928203230275509 60.0 0.6896551847457886 2.1264367816091956 3.9327817586214944 164.0 0.0 27.0 60.0
nos1 60.0 4.0 0.0 5.0 4.166666666666667 3.0 1.0 3.0 -3.0 0.0 22.0 0.6833333333333333 0.6833333333333333 6.117855048429964E9 5.814978886702857E9 1.9010972991406832E9 60.0 0.3870967626571655 1.8387096774193548 1.5428665025675616 250.0 0.0 95.0 60.0
nos2 60.0 4.0 0.0 5.0 4.166666666666667 3.0 1.0 3.0 -3.0 0.0 22.0 0.6833333333333333 0.6833333333333333 3.9126332928693634E11 3.7200945154988306E11 1.2122689801464362E11 60.0 0.3870967626571655 1.8387096774193548 1.5428665025675616 250.0 0.0 95.0 60.0
nos3 60.0 43.0 0.0 44.0 16.65 10.0 1.0 37.0 -42.0 0.0 6.0 1.0 0.9833333333333333 1782.1272442403788 1725.2833047610113 446.51431441414087 60.0 0.19354838132858276 15.716129032258065 18.773266798986572 999.0 0.0 250.0 60.0
nos4 60.0 13.0 0.0 14.0 8.166666666666666 6.0 1.0 10.0 -12.0 0.0 15.0 1.0 0.9166666666666666 3.0661621356590656 2.948503050767426 0.8412371852007869 60.0 0.2985074520111084 5.522388059701493 4.906158812877021 490.0 0.0 141.0 60.0
nos6 60.0 30.0 0.0 31.0 16.483333333333334 3.0 1.0 29.0 -29.0 0.0 20.0 1.0 1.0 7.779829869605115 7.779829841326862 6.633249614113282E-4 60.0 0.4054054021835327 6.472972972972973 11.871181289807923 989.0 0.0 88.0 60.0
nos7 60.0 9.0 0.0 10.0 8.783333333333333 3.0 1.0 9.0 -8.0 0.0 20.0 1.0 1.0 632.771824910054 632.7718208011479 0.07211102540563595 60.0 0.3658536672592163 3.1219512195121952 3.970593873079634 527.0 0.0 104.0 60.0
odepa400 60.0 1.0 1.0 3.0 2.966666666666667 3.0 2.0 1.0 -1.0 0.0 20.0 1.0 1.0 18.920887928424502 18.920887928424502 0.0 178.0 1.0 0.6629213483146067 0.47271199928005886 178.0 59.0 59.0 60.0
odepb400 60.0 0.0 0.0 1.0 1.0 1.0 1.0 1.0 -59.0 0.0 1.0 1.0 1.0 1.1098693616818151E-13 1.1098693616818151E-13 0.0 60.0 1.0 0.0 0.0 60.0 0.0 0.0 60.0
olm100 60.0 2.0 3.0 6.0 3.933333333333333 6.0 2.0 2.0 -4.0 0.0 15.0 0.5 0.03333333333333333 3181.6576632806155 2260.325730883145 2239.167942924298 178.0 0.7542372941970825 1.2372881355932204 0.9670676110983706 294.0 88.0 88.0 60.0
olm1000 60.0 2.0 3.0 6.0 3.933333333333333 6.0 2.0 2.0 -4.0 0.0 15.0 0.5 0.03333333333333333 307248.1918603406 218574.81454335141 215931.70644624738 178.0 0.7542372941970825 1.2372881355932204 0.9670676110983706 294.0 88.0 88.0 60.0
olm2000 60.0 2.0 3.0 6.0 3.933333333333333 6.0 2.0 2.0 -4.0 0.0 15.0 0.5 0.03333333333333333 1226547.8914892136 872569.5314610504 861998.9227849861 178.0 0.7542372941970825 1.2372881355932204 0.9670676110983706 294.0 88.0 88.0 60.0
olm500 60.0 2.0 3.0 6.0 3.933333333333333 6.0 2.0 2.0 -4.0 0.0 15.0 0.5 0.03333333333333333 77117.24470522726 54858.431440421606 54199.83330991408 178.0 0.7542372941970825 1.2372881355932204 0.9670676110983706 294.0 88.0 88.0 60.0
olm5000 60.0 2.0 3.0 6.0 3.933333333333333 6.0 2.0 2.0 -4.0 0.0 15.0 0.5 0.03333333333333333 7656749.403963905 5447049.238937288 5381028.342584191 178.0 0.7542372941970825 1.2372881355932204 0.9670676110983706 294.0 88.0 88.0 60.0
onetone1 60.0 32.0 32.0 33.0 10.35 7.0 0.0 30.0 -31.0 11.0 18.0 0.9333333333333333 0.9333333333333333 3168.576023658281 3168.5760236582814 0.0 101.0 1.0 8.138613861386139 9.77775785002213 734.0 26.0 26.0 49.0
onetone2 60.0 32.0 32.0 33.0 10.35 7.0 0.0 30.0 -31.0 11.0 18.0 0.9333333333333333 0.9333333333333333 3168.576023658281 3168.5760236582814 0.0 101.0 1.0 8.138613861386139 9.77775785002213 734.0 26.0 26.0 49.0
orani678 60.0 0.0 0.0 1.0 1.0 1.0 1.0 1.0 -59.0 0.0 1.0 1.0 1.0 7.745966692414834 7.745966692414834 0.0 60.0 1.0 0.0 0.0 60.0 0.0 0.0 60.0
orsirr_1 60.0 8.0 8.0 17.0 15.083333333333334 5.0 3.0 8.0 -15.0 0.0 14.0 1.0 1.0 131407.59993856 131407.49149298458 168.82278818783251 268.0 1.0 3.4925373134328357 3.609163852098477 906.0 104.0 104.0 60.0
orsirr_2 60.0 8.0 8.0 17.0 15.083333333333334 5.0 3.0 8.0 -15.0 0.0 14.0 1.0 1.0 131407.59993856 131407.49149298458 168.82278818783251 268.0 1.0 3.4925373134328357 3.609163852098477 906.0 104.0 104.0 60.0
orsreg_1 60.0 21.0 21.0 43.0 28.95 5.0 3.0 20.0 -21.0 0.0 15.0 1.0 1.0 129633.2532857763 129633.24213179162 53.77596613250131 252.0 1.0 6.9523809523809526 9.413648604305964 1738.0 96.0 96.0 60.0
pcrystk02 60.0 59.0 0.0 60.0 7.55 9.0 1.0 52.0 -58.0 0.0 8.0 0.03333333333333333 0.06666666666666667 17.320508075688775 13.416407864998739 10.954451150103324 60.0 0.20000000298023224 5.216666666666667 12.798296327593329 453.0 0.0 240.0 60.0
pcrystk03 60.0 5.0 0.0 6.0 4.85 6.0 1.0 1.0 -4.0 0.0 12.0 0.03333333333333333 0.03333333333333333 17.05872210923198 13.24764129949177 10.747092630102337 60.0 0.20618556439876556 2.0378006872852232 1.527057445341889 291.0 0.0 231.0 60.0
pct20stif 60.0 11.0 0.0 12.0 8.9 12.0 1.0 1.0 -10.0 0.0 6.0 0.03333333333333333 0.03333333333333333 23.108440016582687 17.23368793961409 15.394804318340654 60.0 0.11235955357551575 4.295880149812734 2.982235461057106 534.0 0.0 474.0 60.0
pde225 60.0 15.0 15.0 31.0 23.966666666666665 5.0 3.0 15.0 -29.0 0.0 15.0 0.5666666666666667 0.7833333333333333 35.49652019346017 34.244325723866986 9.34500409643723 262.0 1.0 5.580152671755725 6.824914168823369 1438.0 101.0 101.0 60.0
pde2961 60.0 47.0 47.0 49.0 22.883333333333333 4.0 2.0 46.0 -47.0 0.0 16.0 1.0 1.0 25.54459791408932 25.50976480742148 1.3335599208649123 202.0 1.0 6.623762376237623 15.525036620959984 1374.0 71.0 71.0 60.0
pde900 60.0 30.0 30.0 32.0 31.966666666666665 4.0 3.0 29.0 -30.0 0.0 15.0 1.0 1.0 33.95320514470333 33.686355145192415 4.2484840390752305 236.0 1.0 8.11864406779661 12.782515528885284 1918.0 88.0 88.0 60.0
pesa 60.0 0.0 0.0 1.0 1.0 1.0 1.0 1.0 -59.0 0.0 1.0 1.0 1.0 95.20504188329524 95.20504188329524 0.0 60.0 1.0 0.0 0.0 60.0 0.0 0.0 60.0
plat1919 60.0 15.0 0.0 16.0 7.916666666666667 3.0 1.0 7.0 -7.0 0.0 21.0 1.0 1.0 8.409644318815417 8.184186948364001 1.9342185924069593 60.0 0.3870967626571655 2.92258064516129 4.609297033900307 475.0 0.0 95.0 60.0
plat362 60.0 11.0 0.0 12.0 8.633333333333333 3.0 1.0 9.0 -9.0 0.0 21.0 1.0 0.9333333333333333 1.9679973711073107 1.914457546654874 0.4559231895193364 60.0 0.3726707994937897 3.130434782608696 4.219343852293071 518.0 0.0 101.0 60.0
poli 60.0 6.0 17.0 18.0 1.7666666666666666 3.0 1.0 17.0 -16.0 0.0 5.0 1.0 1.0 7.799150979100225 7.7780766901207645 0.572956366052426 66.0 0.8918918967247009 0.6351351351351351 2.215268419611419 105.0 5.0 9.0 60.0
poli_large 60.0 0.0 43.0 44.0 2.7 35.0 1.0 27.0 -27.0 0.0 30.0 0.9333333333333333 1.0 10.235923975880244 9.07673233162684 4.731497629715142 60.0 0.4958677589893341 6.6115702479338845 10.211298151117477 858.0 61.0 0.0 60.0
pores_1 30.0 11.0 10.0 21.0 15.466666666666667 8.0 4.0 7.0 -11.0 0.0 4.0 0.1 0.5 3.749768919150778E7 3.37287810457197E7 1.6384322502710296E7 124.0 0.6888889074325562 3.933333333333333 4.095526014242047 384.0 59.0 91.0 30.0
pores_2 60.0 33.0 32.0 35.0 32.766666666666666 7.0 3.0 29.0 -33.0 0.0 8.0 0.4 0.5 4.245043693889382E7 3.44083422693839E7 2.4861729195209477E7 240.0 0.75 7.9375 12.710570158336722 1548.0 110.0 150.0 60.0
pores_3 60.0 2.0 2.0 5.0 3.45 4.0 2.0 2.0 -2.0 0.0 20.0 0.5 1.0 17827.042011440513 15843.290379102917 8172.733743435543 178.0 1.0 0.9887640449438202 0.8141222891117654 236.0 59.0 59.0 60.0
pre2 60.0 58.0 56.0 59.0 18.3 14.0 0.0 41.0 -58.0 21.0 22.0 0.9833333333333333 0.9166666666666666 1441.1773270457327 1440.5237159724124 43.39944367978099 81.0 0.8350515365600586 10.948453608247423 15.788793581629717 1206.0 35.0 23.0 39.0
psmigr_1 60.0 59.0 58.0 60.0 57.25 59.0 13.0 7.0 -59.0 0.0 2.0 1.0 1.0 211350.7447467361 211334.8434333534 2592.53852430393 1202.0 0.7058132886886597 19.3206106870229 14.29869571319645 3383.0 852.0 791.0 60.0
psmigr_2 60.0 59.0 58.0 60.0 57.2 58.0 12.0 7.0 -59.0 0.0 2.0 0.0 0.0 1.7533133347837677 1.6182740829325737 0.6747567283394206 1142.0 0.6950699687004089 20.026171637248936 14.063759572201395 3378.0 852.0 791.0 0.0
psmigr_3 60.0 59.0 58.0 60.0 57.25 59.0 13.0 7.0 -59.0 0.0 2.0 1.0 1.0 5.495917499769619 5.494322805419064 0.13238607980423997 1202.0 0.7058132886886597 19.3206106870229 14.29869571319645 3383.0 852.0 791.0 60.0
pwtk 60.0 11.0 0.0 12.0 8.9 12.0 1.0 1.0 -10.0 0.0 6.0 0.65 0.7 4849953.118238863 4747553.362308121 991353.7820332946 60.0 0.11235955357551575 4.295880149812734 2.982235461057106 534.0 0.0 474.0 60.0
qc2534 60.0 59.0 0.0 60.0 30.5 60.0 1.0 1.0 -58.0 0.0 1.0 1.0 1.0 6.714032867368398 6.695440384239264 0.4993149358882472 60.0 0.032786883413791656 19.666666666666668 14.255603186895378 1830.0 0.0 1770.0 60.0
qc324 60.0 59.0 0.0 60.0 30.5 60.0 1.0 1.0 -58.0 0.0 1.0 0.08333333333333333 0.26666666666666666 0.9408388628434265 0.8688734247233556 0.3608832742674815 60.0 0.032786883413791656 19.666666666666668 14.255603186895378 1830.0 0.0 1770.0 60.0
qh882 60.0 1.0 1.0 2.0 2.0 2.0 2.0 1.0 -1.0 0.0 15.0 0.0 0.0 2921.970479348823 103.07218919766864 2920.151983373467 120.0 1.0 0.5 0.5 120.0 30.0 30.0 60.0
rbsa480 60.0 51.0 57.0 58.0 35.81666666666667 36.0 2.0 14.0 -40.0 0.0 4.0 0.0 0.0 1532.2499796051557 1094.5896491379772 1072.2236240635625 166.0 0.2430453896522522 19.932650073206442 13.308750624935877 3087.0 340.0 327.0 16.0
rbsb480 60.0 51.0 57.0 58.0 36.583333333333336 36.0 2.0 12.0 -40.0 0.0 4.0 0.0 0.0 1578.5588364074365 1138.0087873122948 1093.9762337455052 169.0 0.24457308650016785 19.994211287988424 13.41424911691658 3134.0 342.0 332.0 17.0
rdb2048 60.0 2.0 2.0 5.0 4.9 4.0 3.0 2.0 -3.0 0.0 15.0 1.0 0.5333333333333333 239.1620827806949 236.3450112441554 36.59969262166006 236.0 1.0 1.2372881355932204 0.8303355060281968 294.0 88.0 88.0 60.0
rdb5000 60.0 2.0 2.0 5.0 4.9 4.0 3.0 2.0 -3.0 0.0 15.0 1.0 1.0 549.9850989254162 548.7659533352997 36.59969262166006 236.0 1.0 1.2372881355932204 0.8303355060281968 294.0 88.0 88.0 60.0
rdb968 60.0 44.0 44.0 47.0 27.25 5.0 3.0 42.0 -45.0 0.0 12.0 0.5 0.5 128.86334063650534 123.55655814241526 36.59969262166006 264.0 1.0 6.409090909090909 13.982648633571456 1638.0 102.0 102.0 60.0
rgg010 10.0 9.0 9.0 10.0 10.0 10.0 4.0 1.0 -8.0 0.0 1.0 0.0 0.0 8.717797887081348 8.0 3.4641016151377557 52.0 0.6842105388641357 3.1578947368421053 2.4604911340012214 76.0 21.0 45.0 10.0
rim 60.0 51.0 57.0 60.0 38.71666666666667 60.0 1.0 19.0 -51.0 0.0 3.0 0.11666666666666667 0.016666666666666666 69975.10122406845 56150.20579049038 41757.26500866887 937.0 0.6049063801765442 14.618463524854745 13.081349285302064 2880.0 885.0 609.0 55.0
rlfprim 60.0 59.0 -1.0 0.0 0.0 0.0 0.0 1.34217424E8 -1.34217363E8 60.0 59.0 1.0 1.0 0.0 0.0 0.0 0.0 NaN NaN NaN 3600.0 0.0 0.0 0.0
rma10 60.0 7.0 7.0 13.0 10.25 13.0 5.0 2.0 -11.0 0.0 7.0 0.0 0.0 2.3788549668543178E8 1.6550054776960576E8 1.70877377733962E8 592.0 1.0 2.810810810810811 1.8208675959677278 626.0 272.0 272.0 48.0
rw136 60.0 15.0 16.0 31.0 22.55 4.0 1.0 15.0 -30.0 0.0 19.0 0.0 0.0 4.680218418570036 3.8147375037571214 2.711498151013773 102.0 0.5151515007019043 7.0 6.704438451465935 1344.0 99.0 99.0 0.0
rw496 60.0 30.0 31.0 33.0 31.433333333333334 3.0 1.0 29.0 -30.0 0.0 20.0 0.0 0.016666666666666666 4.784088209861941 3.942556277332643 2.709935423548873 114.0 0.6551724076271057 10.839080459770114 13.905571167674962 1916.0 87.0 87.0 0.0
rw5151 60.0 1.0 1.0 3.0 2.933333333333333 2.0 1.0 2.0 -1.0 0.0 30.0 0.0 0.0 3.8580079056424967 3.5874939024338426 1.4191943136864662 118.0 1.0 1.0 0.0 176.0 59.0 59.0 0.0
saylr1 60.0 14.0 14.0 29.0 22.883333333333333 5.0 3.0 14.0 -27.0 0.0 15.0 0.7666666666666667 0.7666666666666667 4.5598922303471893E8 4.5598922295193195E8 8689.078002047198 262.0 1.0 5.33587786259542 6.385349030759751 1374.0 101.0 101.0 60.0
saylr3 60.0 10.0 0.0 11.0 9.483333333333333 3.0 1.0 10.0 -9.0 0.0 20.0 1.0 1.0 10.373826173521056 9.801591938709587 3.3978029585974756 60.0 0.3658536672592163 3.3780487804878048 4.405208236550975 569.0 0.0 104.0 60.0
saylr4 60.0 33.0 0.0 34.0 16.35 3.0 1.0 33.0 -32.0 0.0 20.0 1.0 1.0 51532.78386313053 48719.73624683906 16793.30559248429 60.0 0.43478259444236755 6.826086956521739 12.91662957085553 981.0 0.0 78.0 60.0
sherman1 60.0 10.0 0.0 11.0 9.483333333333333 3.0 1.0 10.0 -9.0 0.0 20.0 1.0 1.0 10.373826173521056 9.801591938709587 3.3978029585974756 60.0 0.3658536672592163 3.3780487804878048 4.405208236550975 569.0 0.0 104.0 60.0
sherman2 60.0 41.0 41.0 48.0 33.28333333333333 24.0 1.0 30.0 -41.0 0.0 5.0 0.65 0.05 1.2708263520215899E8 8.986103075482841E7 8.986095549016155E7 524.0 0.6814044117927551 11.214564369310793 13.633871081794247 2035.0 433.0 276.0 60.0
sherman3 60.0 1.0 1.0 3.0 1.0666666666666667 3.0 1.0 1.0 -1.0 0.0 2.0 1.0 1.0 27606.726996241014 27606.726996241014 9.999999997489795E-5 64.0 1.0 0.0625 0.24206145913796356 64.0 2.0 2.0 60.0
sherman4 60.0 16.0 16.0 18.0 3.966666666666667 4.0 1.0 16.0 -16.0 0.0 6.0 1.0 1.0 78.02397353963077 78.02397353764624 5.564925740743696E-4 96.0 1.0 1.9375 4.8149344491903525 238.0 18.0 18.0 60.0
sherman5 60.0 0.0 0.0 1.0 1.0 1.0 1.0 1.0 -59.0 0.0 1.0 1.0 1.0 7.745966692414834 7.745966692414834 0.0 60.0 1.0 0.0 0.0 60.0 0.0 0.0 60.0
sstmodel 60.0 25.0 0.0 26.0 1.8 2.0 1.0 25.0 -24.0 0.0 3.0 1.0 1.0 7.937253933193772 7.842193570679061 1.2247448713915905 60.0 0.9523809552192688 0.7619047619047619 3.731948236742218 108.0 0.0 3.0 60.0
steam1 60.0 2.0 2.0 3.0 3.0 3.0 2.0 1.0 -2.0 0.0 14.0 0.6666666666666666 0.6666666666666666 3.552348274643301E7 3.5523468133629024E7 32221.03611204813 176.0 0.9887640476226807 0.8876404494382022 0.7410621324872432 178.0 58.0 60.0 60.0
steam2 60.0 3.0 3.0 4.0 3.25 4.0 1.0 2.0 -3.0 0.0 16.0 0.75 0.5 1.6766975079771265E10 1.6766957988881588E10 2.3940024029094007E7 150.0 0.9090909361839294 1.1818181818181819 1.1134044285378075 180.0 45.0 60.0 60.0
steam3 60.0 40.0 43.0 44.0 17.533333333333335 6.0 1.0 37.0 -39.0 0.0 15.0 0.75 0.5 5.940153250922295E9 5.940145446850312E9 9628847.60573934 160.0 0.761904776096344 11.714285714285714 16.71367520252532 950.0 60.0 90.0 60.0
thermal 60.0 9.0 9.0 19.0 16.683333333333334 9.0 4.0 7.0 -17.0 0.0 10.0 1.0 1.0 4.566366442019725 4.566320449380507 0.02049478892980696 450.0 1.0 5.311111111111111 3.6099998290072133 996.0 195.0 195.0 60.0
tub100 60.0 2.0 2.0 5.0 4.9 4.0 3.0 2.0 -3.0 0.0 15.0 0.06666666666666667 0.5166666666666667 9159.961506316102 9144.808687951248 526.6581984211775 236.0 1.0 1.2372881355932204 0.8303355060281968 294.0 88.0 88.0 60.0
tub1000 60.0 2.0 2.0 5.0 4.9 4.0 3.0 2.0 -3.0 0.0 15.0 0.06666666666666667 0.5166666666666667 947754.0932489688 946454.2124962605 49621.01287012807 236.0 1.0 1.2372881355932204 0.8303355060281968 294.0 88.0 88.0 60.0
twotone 60.0 48.0 48.0 49.0 13.85 10.0 0.0 36.0 -50.0 11.0 17.0 0.9 0.9 2450.8872434465857 2450.8872434465857 0.0 81.0 0.8265306353569031 11.255102040816327 16.949692203869496 966.0 22.0 27.0 49.0
vibrobox 60.0 55.0 0.0 56.0 12.7 8.0 1.0 35.0 -54.0 0.0 6.0 0.85 0.8166666666666667 3.5904249293340744E10 3.581251348888177E10 2.5649551510737734E9 60.0 0.2222222238779068 8.962962962962964 12.688231588778638 762.0 0.0 210.0 60.0
watt_1 60.0 0.0 0.0 1.0 1.0 1.0 1.0 1.0 -59.0 0.0 1.0 1.0 1.0 7.745966692414834 7.745966692414834 0.0 60.0 1.0 0.0 0.0 60.0 0.0 0.0 60.0
well1033 60.0 35.0 0.0 1.0 1.0 1.0 1.0 23.0 -59.0 0.0 9.0 0.016666666666666666 0.36666666666666664 3.7511756087362182 2.6558456970699633 2.6491134518801753 1.0 0.01666666753590107 12.733333333333333 7.304945052649075 1457.0 0.0 59.0 1.0
well1850 60.0 45.0 0.0 1.0 1.0 1.0 1.0 23.0 -59.0 0.0 14.0 0.03333333333333333 0.75 3.166878728231882 2.2755267473975844 2.202521033090434 2.0 0.03333333507180214 22.583333333333332 13.368235568773548 2790.0 0.0 58.0 2.0
will57 57.0 44.0 44.0 48.0 13.526315789473685 11.0 2.0 34.0 -44.0 0.0 9.0 0.07017543859649122 0.07017543859649122 16.76305461424021 16.30950643030009 3.8729833462074206 251.0 0.8932384252548218 5.387900355871886 9.10178091783097 695.0 102.0 122.0 57.0
wm1 60.0 54.0 55.0 60.0 44.95 38.0 1.0 7.0 -53.0 0.0 3.0 0.6666666666666666 0.3333333333333333 19.55364871147199 14.84712212357117 12.724313049411087 724.0 0.5755167007446289 14.602543720190779 11.64885250119816 2424.0 559.0 639.0 60.0
wm2 60.0 54.0 55.0 60.0 45.35 42.0 1.0 14.0 -53.0 0.0 3.0 0.6166666666666667 0.3 32.32717763581158 23.453172222336676 22.248485939648386 801.0 0.5902726650238037 15.140014738393516 11.701123188020969 2448.0 561.0 741.0 55.0
wm3 60.0 54.0 55.0 60.0 44.666666666666664 40.0 1.0 14.0 -53.0 0.0 3.0 0.5666666666666667 0.31666666666666665 29.837424612430013 21.7017163201001 20.476997247261263 801.0 0.6180555820465088 14.930555555555555 11.661300022290689 2389.0 560.0 683.0 53.0
young1c 60.0 29.0 29.0 59.0 31.883333333333333 5.0 3.0 28.0 -29.0 0.0 15.0 0.9833333333333333 0.9833333333333333 1893.2464963654372 1893.2464963654372 0.0 236.0 1.0 8.101694915254237 12.481436949073727 1914.0 88.0 88.0 60.0
young2c 60.0 29.0 29.0 59.0 31.883333333333333 5.0 3.0 28.0 -29.0 0.0 15.0 0.9833333333333333 0.9833333333333333 1893.2464963654372 1893.2464963654372 0.0 236.0 1.0 8.101694915254237 12.481436949073727 1914.0 88.0 88.0 60.0
young3c 60.0 29.0 29.0 59.0 31.883333333333333 5.0 3.0 28.0 -29.0 0.0 15.0 0.9833333333333333 0.9833333333333333 1893.2464963654372 1893.2464963654372 0.0 236.0 1.0 8.101694915254237 12.481436949073727 1914.0 88.0 88.0 60.0
young4c 60.0 29.0 29.0 59.0 31.883333333333333 5.0 3.0 28.0 -29.0 0.0 15.0 0.9833333333333333 0.9833333333333333 1893.2464963654372 1893.2464963654372 0.0 236.0 1.0 8.101694915254237 12.481436949073727 1914.0 88.0 88.0 60.0
zenios 60.0 59.0 75.0 75.0 25.433333333333334 9.0 0.0 23.0 -33.0 40.0 11.0 0.6666666666666666 0.6666666666666666 2.5095040217806655 1.774487311216022 1.774487311216022 0.0 0.0 16.486842105263158 9.627938267918978 1422.0 0.0 76.0 0.0
